0 2 3.1 -5.1 0.1 
0.1 2.21401666666667 3.43172583333333 -5.6457425 0.110700833333333 
0.2 2.45093490013889 3.79894909521528 -6.24988399535417 0.122546745006944 
0.3 2.71320535891125 4.20546830631244 -6.91867366522369 0.135660267945563 
0.4 3.00354094235941 4.65548846065709 -7.6590294030165 0.150177047117971 
0.5 3.32494485269972 5.15366452168457 -8.47860937438429 0.166247242634986 
0.6 3.68074165981237 5.70514957270917 -9.38589123252153 0.184037082990618 
0.7 4.07461169025945 6.31564811990215 -10.3902598101616 0.203730584512973 
0.8 4.51062909621463 6.99147509913268 -11.5021041953473 0.225531454810732 
0.9 4.9933039980854 7.73962119703237 -12.7329251951178 0.24966519990427 
1 5.52762913674719 8.56782516195815 -14.0954542987053 0.27638145683736 
1.1 6.11913151795528 9.48465385283069 -15.603785370786 0.305956575897764 
1.2 6.77392958313914 10.4995908538657 -17.2735204370048 0.338696479156957 
1.3 7.49879649794823 11.6231345718198 -19.121931069768 0.374939824897411 
1.4 8.3012302131995 12.8669068304592 -21.1681370436587 0.415061510659975 
1.5 9.18953102293029 14.243773085542 -23.4333041084722 0.459476551146515 
1.6 10.172887421809 15.767975503804 -25.940862925613 0.508644371090451 
1.7 11.2614711500044 17.4552802825069 -28.7167514325113 0.563073557500222 
1.8 12.4665424086478 19.3231407334041 -31.789683142052 0.623327120432391 
1.9 13.8005663342266 21.3908778180512 -35.1914441522777 0.690028316711328 
2 15.2773419367082 23.6798800018978 -38.957221938606 0.763867096835412 
2.1 16.9121448351188 26.2138244944342 -43.125969329553 0.845607241755942 
2.2 18.7218852670168 29.0189221638761 -47.7408074308929 0.936094263350842 
2.3 20.7252830062982 32.1241886597622 -52.8494716660604 1.03626415031491 
2.4 22.9430609986638 35.5617445479289 -58.5048055465927 1.14715304993319 
2.5 25.3981597176958 39.3671475624286 -64.7653072801244 1.26990798588479 
2.6 28.1159744588203 43.5797604111715 -71.6957348699917 1.40579872294101 
2.7 31.1246180257012 48.2431579398369 -79.3677759655381 1.55623090128506 
2.8 34.4552115262681 53.4055778657156 -87.8607893919837 1.72276057631341 
2.9 38.1422062863415 59.1204197438294 -97.2626260301709 1.90711031431708 
3 42.2237402106991 65.4467973265837 -107.670537537283 2.11118701053496 
3.1 46.7420322777457 72.4501500305059 -119.192182308251 2.33710161388728 
3.2 51.7438192484001 80.2029198350202 -131.94673908342 2.58719096242001 
3.3 57.2808391064727 88.7853006150327 -146.066139721505 2.86404195532363 
3.4 63.4103662311912 98.2860676583463 -161.696433889537 3.17051831155956 
3.5 70.1958038376472 108.803495948353 -178.999299786 3.50979019188236 
3.6 77.7073398133074 120.446376710627 -198.153716523934 3.88536699066537 
3.7 86.0226727344965 133.33514273847 -219.357815472966 4.30113363672482 
3.8 95.2278155726937 147.603114137675 -242.830929710369 4.76139077863468 
3.9 105.417985404102 163.397877376358 -268.815862780459 5.27089927020508 
4 116.698588325552 180.882811904606 -297.581400230158 5.83492941627761 
4.1 129.186309764622 200.238780135165 -329.425089899787 6.45931548823112 
4.2 143.010321462018 221.665998266128 -364.676319728146 7.15051607310092 
4.3 158.313617611133 245.386107297256 -403.699724908389 7.91568088055666 
4.4 175.254493975671 271.64446566229 -446.898959637961 8.76272469878356 
4.5 194.008185285185 300.712687192036 -494.72087247722 9.70040926425922 
4.6 214.768677845577 332.891450660644 -547.66012850622 10.7384338922788 
4.7 237.750716114035 368.513609976755 -606.264326090789 11.8875358057018 
4.8 263.192023994205 407.947637191017 -671.139661185221 13.1596011997102 
4.9 291.355763828451 451.601433934099 -742.95719776255 14.5677881914226 
5 322.533258522794 499.926550710331 -822.459809233124 16.1266629261397 
5.1 357.047004961888 553.422857690926 -910.469862652812 17.8523502480944 
5.2 395.254009884517 612.643715321002 -1007.89772520552 19.7627004942259 
5.3 437.549482725577 678.201698224644 -1115.75118095022 21.8774741362788 
5.4 484.370923622903 750.774931615499 -1235.1458552384 24.2185461811451 
5.5 536.202648874917 831.114105756121 -1367.31675463104 26.8101324437458 
5.6 593.58080065994 920.050241022907 -1513.63104168285 29.679040032997 
5.7 657.098892837226 1018.5032838977 -1675.60217673492 32.8549446418613 
5.8 727.413950194916 1127.49162280212 -1854.90557299703 36.3706975097458 
5.9 805.25330464869 1248.14262220547 -2053.39592685416 40.2626652324345 
5.99999999999999 891.422118690306 1381.70428396997 -2273.12640266028 44.5711059345153 
6.09999999999999 986.811713907824 1529.55815655713 -2516.36987046495 49.3405856953912 
6.19999999999999 1092.40879072691 1693.23362562671 -2785.64241635362 54.6204395363455 
6.29999999999999 1209.30563474128 1874.42373384898 -3083.72936859026 60.4652817370639 
6.39999999999999 1338.71141520555 2075.00269356861 -3413.71410877415 66.9355707602776 
6.49999999999999 1481.96469256101 2297.04527346956 -3779.00996603056 74.0982346280503 
6.59999999999999 1640.54726437081 2542.84825977475 -4183.39552414555 82.0273632185402 
6.69999999999999 1816.09949288568 2814.95421397281 -4631.05370685849 90.8049746442842 
6.79999999999999 2010.43727278689 3116.17777281968 -5126.61504560657 100.521863639345 
6.89999999999999 2225.57081461903 3449.6347626595 -5675.20557727852 111.278540730952 
6.99999999999999 2463.72543820672 3818.77442922042 -6282.49986742714 123.186271910336 
7.09999999999999 2727.36459114016 4227.41511626725 -6954.7797074074 136.368229557008 
7.19999999999999 3019.21533043042 4679.78376216715 -7698.99909259755 150.960766521521 
7.29999999999999 3342.29653091423 5180.55962291705 -8522.85615383126 167.114826545711 
7.39999999999999 3699.95011219314 5734.92267389936 -9434.87278609249 184.997505609657 
7.49999999999999 4095.87560711541 6348.60719102888 -10444.4827981443 204.79378035577 
7.59999999999999 4534.16842937348 7027.96106552889 -11562.1294949024 226.708421468674 
7.69999999999999 5019.36223605335 7780.0114658827 -12799.373701936 250.968111802668 
7.79999999999999 5556.4758233297 8612.53752616103 -14169.0133494907 277.823791166485 
7.89999999999999 6151.06504039117 9534.15081260631 -15685.2158529975 307.553252019558 
7.99999999999999 6809.28025858836 10554.384400812 -17363.6646594003 340.464012929418 
8.09999999999999 7537.92999025947 11683.7914849022 -19221.7214751616 376.896499512973 
8.19999999999999 8344.55131530048 12934.0545387158 -21278.6058540162 417.227565765024 
8.29999999999999 9237.48784396526 14318.1061581462 -23555.5940021114 461.874392198263 
8.39999999999999 10225.9760223349 15850.2628346191 -26076.238856954 511.298801116746 
8.49999999999999 11320.2406731916 17546.373043447 -28866.6137166386 566.01203365958 
8.59999999999999 12531.600760562 19423.9811788712 -31955.5819394332 626.580038028102 
8.69999999999999 13872.5864719485 21502.5090315202 -35375.0955034687 693.629323597426 
8.79999999999998 15357.0688293343 23803.4566854681 -39160.5255148024 767.853441466714 
8.89999999999998 17000.4031696466 26350.6249129523 -43351.0280825989 850.020158482331 
8.99999999999998 18819.5879788252 29170.3613671791 -47989.9493460043 940.979398941261 
9.09999999999998 20833.4407224593 32291.833119812 -53125.2738422713 1041.67203612297 
9.19999999999998 23062.7924917685 35747.3283622412 -58810.1208540097 1153.13962458843 
9.29999999999998 25530.7034783252 39572.590391404 -65103.2938697292 1276.53517391626 
9.39999999999998 28262.7015063683 43807.1873348709 -72069.8888412391 1413.13507531841 
9.49999999999998 31287.0460900623 48494.9214395965 -79781.9675296587 1564.35230450311 
9.59999999999998 34635.020747083 53684.2821579787 -88319.3029050616 1731.75103735415 
9.69999999999998 38341.2565921938 59428.9477179004 -97770.2043100941 1917.06282960969 
9.79999999999998 42444.0905580301 65788.3403649467 -108232.430922977 2122.20452790151 
9.89999999999998 46985.961948494 72828.2410201657 -119814.20296866 2349.2980974247 
9.99999999999998 52013.8514266657 80621.4697113319 -132635.321137998 2600.69257133329 
10.1 57579.7669780809 89248.6388160254 -146828.405794106 2878.98834890404 
10.2 63741.281876127 98798.9869079969 -162540.268784124 3187.06409380635 
10.3 70562.1302142216 109371.301832043 -179933.432046265 3528.10651071108 
10.4 78112.8661648951 121074.942555587 -199187.808720482 3905.64330824475 
10.5 86471.5937850902 134030.97036689 -220502.56415198 4323.57968925451 
10.6 95724.7749167097 148373.4011209 -244098.17603761 4786.23874583549 
10.7 105968.123539255 164250.591485846 -270218.715025101 5298.40617696277 
10.8 117307.595825652 181826.77352976 -299134.369355412 5865.37979128259 
10.9 129860.486142295 201283.753520557 -331144.239662852 6493.02430711476 
11 143756.640330239 222822.79251187 -366579.432842108 7187.83201651193 
11.1 159139.798817577 246666.688167244 -405806.48698482 7956.98994087884 
11.2 176169.083456048 273062.079356874 -449231.162812921 8808.45417280238 
11.3 195020.64346154 302281.997365387 -497302.640826927 9751.03217307701 
11.4 215889.477483954 334628.690100128 -550518.167584082 10794.4738741977 
11.5 238991.450653716 370436.74851326 -609428.199166975 11949.5725326858 
11.6 264565.527469086 410076.567577083 -674642.095046168 13228.2763734543 
11.7 292876.243621007 453958.17761256 -746834.421233566 14643.8121810503 
11.8 324216.442323818 502535.485601918 -826751.927925735 16210.8221161909 
11.9 358910.303456152 556310.970357036 -915221.273813188 17945.5151728076 
12 397316.696845156 615840.880109992 -1013157.57695515 19865.8348422578 
12.1 439832.894380062 681740.986289096 -1121573.88066916 21991.6447190031 
12.2 486898.679352848 754692.952996915 -1241591.63234976 24344.9339676424 
12.3 539000.895532597 835451.388075526 -1374452.28360812 26950.0447766299 
12.4 596678.483028715 924851.648694508 -1521530.13172322 29833.9241514358 
12.5 660528.053033479 1023818.48220189 -1684346.53523537 33026.402651674 
12.6 731210.059108503 1133375.59161818 -1864585.65072668 36560.5029554252 
12.7 809455.628850273 1254656.22471792 -2064111.85356819 40472.7814425136 
12.8 896074.126600825 1388914.89623128 -2284989.0228321 44803.7063300413 
12.9 991961.525431502 1537540.36441883 -2529501.88985033 49598.0762715751 
13 1098109.67499872 1702069.99624801 -2800179.67124673 54905.4837499359 
13.1 1215616.56113754 1884205.66976319 -3099822.23090072 60780.828056877 
13.2 1345697.66331727 2085831.37814176 -3431529.04145903 67284.8831658633 
13.3 1489698.52743941 2309032.71753108 -3798731.24497049 74484.9263719704 
13.4 1649108.68402982 2556118.46024622 -4205227.14427604 82455.434201491 
13.5 1825577.05579338 2829644.43647974 -4655221.49227311 91278.8527896689 
13.6 2020929.0139054 3132439.97155337 -5153368.98545877 101046.45069527 
13.7 2237185.25946839 3467637.15217601 -5704822.4116444 111859.26297342 
13.8 2476582.72544201 3838703.22443511 -6315285.94987711 123829.1362721 
13.9 2741597.71525368 4249476.45864321 -6991074.17389688 137079.885762684 
14 3034971.51743345 4704205.85202185 -7739177.3694553 151748.575871673 
14.1 3359738.76122814 5207595.07990362 -8567333.84113176 167986.938061407 
14.2 3719258.80650256 5764851.15007898 -9484109.95658153 185962.940325128 
14.3 4117250.49262173 6381738.26356368 -10498988.7561854 205862.524631086 
14.4 4557830.60575302 7064637.43891719 -11622468.0446702 227891.530287651 
14.5 5045556.46249031 7820612.51685999 -12866168.9793503 252277.823124516 
14.6 5585473.05028063 8657483.22793498 -14242956.2782156 279273.652514032 
14.7 6183165.21226941 9583906.07901759 -15767071.291287 309158.260613471 
14.8 6844815.416359 10609463.8953565 -17454279.3117155 342240.77081795 
14.9 7577267.70603788 11744764.9443587 -19322032.6503966 378863.385301894 
15 8388098.49448149 13001552.6664463 -21389651.1609278 419404.924724075 
15.1 9285694.93421179 14392827.1480283 -23678522.0822401 464284.74671059 
15.2 10279341.6729636 15932979.5930936 -26212321.2660571 513967.083648179 
15.3 11379316.8931513 17637941.1843845 -29017258.0775358 568965.844657565 
15.4 12596998.6283592 19525347.8739569 -32122346.5023161 629849.931417963 
15.5 13944982.4565823 21614722.8077025 -35559705.2642848 697249.122829113 
15.6 15437211.7876237 23927678.2708168 -39364890.0584404 771860.589381185 
15.7 17089122.092331 26488139.2431131 -43577261.335444 854456.10461655 
15.8 18917800.5655612 29322590.8766199 -48240391.442181 945890.02827806 
15.9 20942162.8744143 32460352.4553422 -53402515.3297564 1047108.14372071 
16 23183148.8200006 35933880.6710009 -59117029.4910014 1159157.44100003 
16.1 25663938.9366475 39779105.3518036 -65443044.288451 1283196.94683237 
16.2 28410194.2690265 44035801.1169912 -72445995.3860177 1420509.71345133 
16.3 31450321.8074313 48747998.8015185 -80198320.6089498 1572516.09037156 
16.4 34815768.3268415 53964440.9066044 -88780209.2334458 1740788.41634208 
16.5 38541345.6692163 59739085.7872853 -98280431.4565014 1927067.28346081 
16.6 42665590.833703 66131665.7922397 -108797256.625943 2133279.54168515 
16.7 47231164.5994995 73208305.1292243 -120439469.728724 2361558.22997497 
16.8 52285292.8046842 81042203.8472607 -133327496.651945 2614264.64023421 
16.9 57880254.8455588 89714395.0106163 -147594649.856175 2894012.74227794 
17 64073924.4494907 99314582.8967106 -163388507.346201 3203696.22247453 
17.1 70930368.3149566 109942070.888183 -180872439.203139 3546518.41574783 
17.2 78520508.8110596 121706788.657142 -200227297.468202 3926025.44055298 
17.3 86922857.5914164 134730429.266695 -221653286.858112 4346142.87957082 
17.4 96224327.7108445 149147707.951809 -245372035.662653 4811216.38554223 
17.5 106521132.645302 165107755.600219 -271628888.245521 5326056.63226512 
17.6 117919781.514455 182775661.347406 -300695442.861861 5895989.07572276 
17.7 130538180.801348 202334180.242089 -332872361.043437 6526909.04006739 
17.8 144506853.965265 223985623.646162 -368492477.611427 7225342.69826327 
17.9 159970291.563332 247953951.923165 -407924243.486496 7998514.57816659 
18 177088445.846371 274487091.061876 -451575536.908247 8854422.29231857 
18.1 196038385.288982 303859497.197922 -499897882.486904 9801919.26444909 
18.2 217016126.168114 336374995.560577 -553391121.72869 10850806.3084057 
18.3 240238660.13582 372369923.210521 -612608583.346341 12011933.006791 
18.4 265946198.759187 412216608.07674 -678162806.835927 13297309.9379594 
18.5 294404658.244743 456327220.279352 -750731878.524095 14720232.9122372 
18.6 325908410.049083 505158035.576079 -831066445.625161 16295420.5024541 
18.7 360783325.827752 559214155.033015 -919997480.860766 18039166.2913876 
18.8 399390148.219036 619054729.739507 -1018444877.95854 19969507.4109518 
18.9 442128222.329708 685298744.611048 -1127426966.94076 22106411.1164854 
19 489439626.52084 758631421.107302 -1248071047.62814 24471981.326042 
19.1 541813745.222124 839811305.094293 -1381625050.31642 27090687.2611062 
19.2 599792331.075435 929678113.166925 -1529470444.24236 29989616.5537717 
19.3 663975108.769932 1029161418.5934 -1693136527.36333 33198755.4384966 
19.4 735025978.534221 1139290266.72804 -1874316245.26226 36751298.926711 
19.5 813679883.453871 1261203819.3535 -2074883702.80737 40683994.1726935 
19.6 900750411.64913 1396163138.05615 -2296913549.70528 45037520.5824565 
19.7 997138211.949017 1545564228.52098 -2542702440.46999 49856910.5974509 
19.8 1103840310.11266 1710952480.67463 -2814792790.78729 55192015.5056331 
19.9 1221960421.96397 1894038654.04415 -3115999076.00812 61098021.0981984 
20 1352720370.11763 2096716573.68233 -3449436943.79995 67636018.5058814 
20.1 1497472722.38997 2321082719.70445 -3818555442.09441 74873636.1194983 
20.2 1657714782.62505 2569457913.06882 -4227172695.69386 82885739.1312522 
20.3 1835104078.65578 2844411321.91646 -4679515400.57224 91755203.932789 
20.4 2031475507.60594 3148787036.78921 -5180262544.39514 101573775.380297 
20.5 2248860315.88234 3485733489.61762 -5734593805.49996 112443015.794117 
20.6 2489507110.18438 3858736020.78579 -6348243130.97016 124475355.509219 
20.7 2755905116.86669 4271652931.14338 -7027558048.01006 137795255.843335 
20.8 3050809930.2474 4728755391.88348 -7779565322.13087 152540496.51237 
20.9 3377272016.19996 5234771625.10994 -8612043641.30989 168863600.809998 
21 3738668265.86682 5794935812.09358 -9533604077.9604 186933413.293341 
21.1 4138736925.88346 6415042235.11936 -10553779161.0028 206936846.294173 
21.2 4581616266.42737 7101505212.96243 -11683121479.3898 229080813.321368 
21.3 5071887387.07065 7861425449.95951 -12933312837.0302 253594369.353532 
21.4 5614621603.21544 8702663484.98393 -14317285088.1994 280731080.160772 
21.5 6215432903.27285 9633921000.07292 -15849353903.3458 310771645.163642 
21.6 6880536019.19724 10664830829.7557 -17545366848.9529 344026800.959862 
21.7 7616810711.0515 11806056602.1298 -19422867313.1813 380840535.552575 
21.8 8431872930.5566 13069403042.3627 -21501275972.9193 421593646.52783 
21.9 9334153599.73391 14467938079.5876 -23802091679.3215 466707679.986695 
22 10332985819.5188 16016128020.2541 -26349113839.7729 516649290.975938 
22.1 11438701410.4224 17729987186.1548 -29168688596.5772 571935070.521122 
22.2 12662737783.8494 19627243564.9666 -32289981348.816 633136889.19247 
22.3 14017756249.5361 21727522186.7811 -35745278436.3172 700887812.476807 
22.4 15517772982.8719 24052548123.4515 -39570321106.3234 775888649.143596 
22.5 17178304006.8141 26626371210.5619 -43804675217.3759 858915200.340704 
22.6000000000001 19016525688.0766 29475614816.5187 -48492140504.5953 950826284.403829 
22.7000000000001 21051452407.7482 32629751232.0097 -53681203639.7578 1052572620.38741 
22.8000000000001 23304133244.1473 36121406528.4284 -59425539772.5756 1165206662.20736 
22.9000000000001 25797869702.3814 39986698038.6913 -65784567741.0726 1289893485.11907 
23.0000000000001 28558456742.7838 44265607951.3149 -72824064694.0986 1427922837.13919 
23.1000000000001 31614449601.4011 49002396882.1718 -80616846483.5729 1580722480.07006 
23.2000000000001 34997459162.4977 54246061701.8716 -89243520864.3692 1749872958.12489 
23.3000000000001 38742478938.378 60050842354.486 -98793321292.864 1937123946.9189 
23.4000000000001 42888247038.7756 66476782910.1023 -109365029948.878 2144412351.93878 
23.5000000000001 47477646873.9833 73590352654.6742 -121067999528.657 2373882343.69916 
23.6000000000001 52558150736.5568 81465133641.6631 -134023284378.22 2627907536.82784 
23.7000000000001 58182310849.9578 90182581817.4347 -148364892667.392 2909115542.49789 
23.8000000000001 64408302963.4937 99832869593.4154 -164241172556.909 3220415148.17469 
23.9000000000001 71300528116.4456 110515818580.491 -181816346696.936 3565026405.82228 
24.0000000000001 78930278795.9729 122341932133.758 -201272210929.731 3946513939.79864 
24.1000000000001 87376476379.4653 135433538388.171 -222810014767.636 4368823818.97326 
24.2000000000001 96726487489.3712 149926055608.526 -246652543097.897 4836324374.46856 
24.3000000000001 107077027704.796 165969392942.435 -273046420647.231 5353851385.23982 
24.4000000000001 118535161977.774 183729501065.55 -302264663043.323 5926758098.88869 
24.5000000000001 131219412102.412 203390088758.739 -334609500861.151 6560970605.1206 
24.6000000000001 145260982692.471 225154523173.33 -370415505865.801 7263049134.62355 
24.7000000000001 160805118348.755 249247933440.57 -410053051789.324 8040255917.43772 
24.8000000000001 178012606054.724 275919539384.823 -453932145439.547 8900630302.7362 
24.9000000000001 197061438340.963 305445229428.494 -502506667769.457 9853071917.04817 
25.0000000000001 218148654422.099 338130414354.254 -556279068776.353 10907432721.105 
25.1000000000001 241492378350.718 374313186443.613 -615805564794.33 12074618917.5359 
25.2000000000001 267334075270.731 414367816669.633 -681701891940.363 13366703763.5365 
25.3000000000001 295941049108.659 458708626118.422 -754649675227.081 14797052455.433 
25.4000000000001 327609207538.695 507794271684.978 -835403479223.673 16380460376.9347 
25.5000000000001 362666122822.065 562132490374.201 -924798613196.266 18133306141.1032 
25.6000000000001 401474420181.716 622285351281.661 -1023759771463.38 20073721009.0858 
25.7000000000001 444435528761.328 688875069580.059 -1133310598341.39 22221776438.0664 
25.8000000000001 491993833968.196 762590442650.705 -1254584276618.9 24599691698.4098 
25.9000000000001 544641274151.41 844193974934.686 -1388835249086.09 27232063707.5705 
26.0000000000001 602922429162.895 934529765202.489 -1537452194365.38 30146121458.1447 
26.1000000000001 667440153436.901 1034532237827.2 -1701972391264.1 33372007671.8451 
26.2000000000001 738861811855.928 1145235808376.69 -1884097620232.62 36943090592.7964 
26.3000000000001 817926182906.278 1267785583504.73 -2085711766411.01 40896309145.3139 
26.4000000000001 905451100528.774 1403449205819.6 -2308900306348.37 45272555026.4387 
26.5000000000001 1002341913711.19 1553629966252.35 -2555971879963.54 50117095685.5595 
26.6000000000001 1109600851327.57 1719881319557.73 -2829482170885.3 55480042566.3784 
26.7000000000001 1228337389093.38 1903922953094.74 -3132260342188.12 61416869454.669 
26.8000000000001 1359779725871.28 2107658575100.49 -3467438300971.77 67988986293.564 
26.9000000000001 1505287488037.22 2333195606457.7 -3838483094494.92 75264374401.8611 
27.0000000000001 1666365793319.61 2582866979645.39 -4249232772965 83318289665.9803 
27.1000000000001 1844680819586.42 2859255270358.95 -4703936089945.36 92234040979.3207 
27.2000000000001 2042077039622.33 3165219411414.61 -5207296451036.93 102103851981.116 
27.3000000000001 2260596300170.58 3503924265264.4 -5764520565434.97 113029815008.529 
27.4000000000001 2502498942591.33 3878873361016.57 -6381372303607.89 125124947129.566 
27.5000000000001 2770287183606.46 4293945134590.01 -7064232318196.47 138514359180.323 
27.6000000000001 3066730997978.88 4753433046867.27 -7820164044846.14 153336549898.944 
27.7000000000001 3394896770854.27 5262089994824.12 -8656986765678.38 169744838542.713 
27.8000000000001 3758179016142.1 5825177475020.26 -9583356491162.35 187908950807.105 
27.9000000000001 4160335489027.77 6448520007993.05 -10608855497020.8 208016774451.388 
28.0000000000001 4605526055816.15 7138565386515.04 -11744091442331.2 230276302790.807 
28.1000000000001 5098355723172.28 7902451370917.04 -13000807094089.3 254917786158.614 
28.2000000000001 5643922271849.41 8748079521366.59 -14392001793216 282196113592.47 
28.3000000000001 6247868987622.89 9684196930815.49 -15932065918438.4 312393449381.144 
28.4000000000001 6916443034873.44 10720486704053.8 -17636929738927.3 345822151743.672 
28.5000000000001 7656560076630.19 11867668118776.8 -19524228195407 382828003831.509 
28.6000000000001 8475875809496.92 13137607504720.2 -21613483314217.1 423793790474.846 
28.7000000000001 9382865153411.51 14543440987787.8 -23926306141199.3 469143257670.575 
28.8000000000001 10386909915369.5 16099710368822.7 -26486620284192.2 519345495768.474 
28.9000000000001 11498395833896.6 17822513542539.8 -29320909376436.4 574919791694.832 
29.0000000000001 12728820008088.9 19729671012537.8 -32458491020626.6 636441000404.443 
29.1000000000001 14090909822454.4 21840910224804.4 -35931820047258.8 704545491122.721 
29.2000000000001 15598754597705.6 24178069626443.7 -39776824224149.2 779937729885.279 
29.3000000000001 17267951329281.7 26765324560386.7 -44033275889668.4 863397566464.086 
29.4000000000001 19115766021109.3 29629437332719.4 -48745203353828.7 955788301055.464 
29.5000000000001 21161312283418.2 32800034039298.2 -53961346322716.3 1058065614170.91 
29.6000000000002 23425749042012.9 36309911015120.1 -59735660057133 1171287452100.65 
29.7000000000002 25932499404083.7 40195374076329.7 -66127873480413.3 1296624970204.18 
29.8000000000002 28707492944482.3 44496614063947.6 -73204107008429.9 1435374647224.11 
29.9000000000002 31779433918649.8 49258122573907.2 -81037556492556.9 1588971695932.49 
30.0000000000002 35180098176561.3 54529152173670.1 -89709250350231.3 1759004908828.06 
30.1000000000002 38944661848938.2 60364225865854.2 -99308887714792.3 1947233092446.91 
30.2000000000002 43112065205623.3 66823701068716.2 -109935766274339 2155603260281.16 
30.3000000000002 47725415449835.1 73974393947244.4 -121699809397079 2386270772491.75 
30.4000000000002 52832432614762.8 81890270552882.4 -134722703167645 2641621630738.14 
30.5000000000002 58485943174814.2 90653211920962.1 -149139155095776 2924297158740.71 
30.6000000000002 64744426477379.2 100353861039938 -165098287517317 3237221323868.95 
30.7000000000002 71672619647346 111092560453386 -182765180100732 3583630982367.3 
30.8000000000002 79342187221442.5 122980390193236 -202322577414678 3967109361072.12 
30.9000000000002 87832462439030.3 136140316780497 -223972779219527 4391623121951.51 
31.0000000000002 97231267857193.6 150708465178650 -247939733035843 4861563392859.67 
31.1000000000002 107635823778479 166835526856642 -274471350635120 5381791188923.93 
31.2000000000002 119153753887974 184688318526360 -303842072414334 5957687694398.7 
31.3000000000002 131904198501936 204451507678002 -336355706179937 6595209925096.81 
31.4000000000002 146019046943298 226329522762112 -372348569705409 7300952347164.88 
31.5000000000002 161644301791622 250548667777014 -412192969568635 8082215089581.08 
31.6000000000002 178941589119174 277359463134719 -456301052253892 8947079455958.67 
31.7000000000002 198089830334835 307039237018994 -505129067353828 9904491516741.72 
31.8000000000002 219287092929248 339894994040335 -559182086969582 10964354646462.4 
31.9000000000002 242752639265119 376266590860934 -619019230126052 12137631963255.9 
32.0000000000002 268729194605147 416530251637978 -685259446243124 13436459730257.3 
32.1000000000002 297485457837853 461102459648672 -758587917486523 14874272891892.6 
32.2000000000002 329318880871985 510444265351577 -839763146223560 16465944043599.2 
32.3000000000002 364558745449294 565066055446407 -929624800895700 18227937272464.7 
32.4000000000002 403569569201914 625532832262968 -1.02910240146488e+15 20178478460095.7 
32.5000000000002 446754876186263 692470058088707 -1.13922493427497e+15 22337743809313.1 
32.6000000000002 494561370895494 766570124888016 -1.26113149578351e+15 24728068544774.7 
32.7000000000002 547483558926070 848599516335408 -1.39608307526148e+15 27374177946303.4 
32.8000000000002 606068862094150 939406736245933 -1.54547559834008e+15 30303443104707.5 
32.9000000000002 670923280912075 1.03993108541372e+15 -1.71085436632579e+15 33546164045603.7 
33.0000000000002 742717662997008 1.15121237764536e+15 -1.89393004064237e+15 37135883149850.4 
33.1000000000002 822194642251546 1.2744016954899e+15 -2.09659633774144e+15 41109732112577.3 
33.2000000000002 910176320594480 1.41077329692144e+15 -2.32094961751592e+15 45508816029724 
33.3000000000002 1.00757277170076e+15 1.56173779613618e+15 -2.56931056783694e+15 50378638585038 
33.4000000000002 1.11539145471251e+15 1.72885675480439e+15 -2.84424820951689e+15 55769572735625.3 
33.5000000000002 1.23474763529553e+15 1.91385883470808e+15 -3.14860647000361e+15 61737381764776.6 
33.6000000000002 1.36687592183578e+15 2.11865767884547e+15 -3.48553360068124e+15 68343796091789.1 
33.7000000000002 1.5131430361049e+15 2.34537170596259e+15 -3.85851474206748e+15 75657151805244.7 
33.8000000000002 1.67506195049342e+15 2.5963460232648e+15 -4.27140797375821e+15 83753097524670.9 
33.9000000000002 1.8543075380458e+15 2.87417668397099e+15 -4.72848422201679e+15 92715376902290 
34.0000000000002 2.05273389717952e+15 3.18173754062826e+15 -5.23447143780777e+15 102636694858976 
34.1000000000002 2.27239353029354e+15 3.52220997195499e+15 -5.79460350224852e+15 113619676514677 
34.2000000000002 2.5155585746477e+15 3.89911579070394e+15 -6.41467436535162e+15 125777928732385 
34.3000000000002 2.78474430512313e+15 4.31635367294085e+15 -7.10109797806396e+15 139237215256156 
34.4000000000002 3.08273515197384e+15 4.77823948555946e+15 -7.86097463753329e+15 154136757598692 
34.5000000000002 3.41261350269464e+15 5.2895509291767e+15 -8.70216443187133e+15 170630675134732 
34.6000000000002 3.77779158592883e+15 5.85557695818968e+15 -9.63336854411849e+15 188889579296441 
34.7000000000002 4.18204676721976e+15 6.48217248919063e+15 -1.06642192564104e+16 209102338360988 
34.8000000000002 4.629560621702e+15 7.17581896363811e+15 -1.18053795853401e+16 231478031085100 
34.9000000000002 5.12496218789596e+15 7.94369139123875e+15 -1.30686535791347e+16 256248109394798 
35.0000000000002 5.67337585001907e+15 8.79373256752955e+15 -1.44671084175486e+16 283668792500953 
35.1000000000002 6.28047434410319e+15 9.73473523335994e+15 -1.60152095774631e+16 314023717205159 
35.2000000000002 6.95253743620843e+15 1.07764330261231e+16 -1.77289704623315e+16 347626871810421 
35.3000000000002 7.6965168796947e+15 1.19296011635268e+16 -1.96261180432215e+16 384825843984735 
35.4000000000002 8.5201083234627e+15 1.32061679013672e+16 -2.17262762248298e+16 426005416173134 
35.5000000000002 9.4318309149759e+15 1.46193379182127e+16 -2.40511688331885e+16 471591545748795 
35.6000000000002 1.04411154214693e+16 1.61837289032774e+16 -2.66248443247466e+16 522055771073464 
35.7000000000002 1.15584017808617e+16 1.79155227603356e+16 -2.94739245411972e+16 577920089043083 
35.8000000000002 1.27952470914287e+16 1.98326329917145e+16 -3.26278800831432e+16 639762354571435 
35.9000000000002 1.41644451572707e+16 2.19548899937696e+16 -3.61193351510402e+16 708222257863533 
36.0000000000002 1.56801588261416e+16 2.43042461805195e+16 -3.99844050066611e+16 784007941307080 
36.1000000000002 1.7358066488529e+16 2.69050030572199e+16 -4.42630695457489e+16 867903324426449 
36.2000000000002 1.92155242533557e+16 2.97840625927013e+16 -4.89995868460569e+16 960776212667782 
36.3000000000002 2.12717454778335e+16 3.29712054906419e+16 -5.42429509684753e+16 1.06358727389167e+15 
36.4000000000002 2.35479995085073e+16 3.64993992381864e+16 -6.00473987466936e+16 1.17739997542537e+15 
36.5000000000002 2.60678316892469e+16 4.04051391183326e+16 -6.64729708075794e+16 1.30339158446234e+15 
36.6000000000003 2.8857306911927e+16 4.47288257134869e+16 -7.35861326254137e+16 1.44286534559635e+15 
36.7000000000003 3.19452792290608e+16 4.95151828050443e+16 -8.14604620341049e+16 1.59726396145304e+15 
36.8000000000003 3.53636903172306e+16 5.48137199917074e+16 -9.01774103089377e+16 1.76818451586153e+15 
36.9000000000003 3.91478998785935e+16 6.067924481182e+16 -9.98271446904133e+16 1.95739499392967e+15 
37.0000000000003 4.3337051398102e+16 6.71724296670582e+16 -1.1050948106516e+17 2.1668525699051e+15 
37.1000000000003 4.79744770397939e+16 7.43604394116806e+16 -1.22334916451474e+17 2.39872385198969e+15 
37.2000000000003 5.31081458703606e+16 8.23176260990589e+16 -1.35425771969419e+17 2.65540729351802e+15 
37.3000000000003 5.87911600463714e+16 9.11262980718757e+16 -1.49917458118247e+17 2.93955800231856e+15 
37.4000000000003 6.50823040976668e+16 1.00877571351384e+17 -1.6595987544905e+17 3.25411520488334e+15 
37.5000000000003 7.20466529886513e+16 1.1167231213241e+17 -1.83718965121061e+17 3.60233264943256e+15 
37.6000000000003 7.97562452472119e+16 1.23622180133179e+17 -2.0337842538039e+17 3.98781226236059e+15 
37.7000000000003 8.82908281240407e+16 1.36850783592263e+17 -2.25141611716303e+17 4.41454140620203e+15 
37.8000000000003 9.77386824902141e+16 1.51494957859832e+17 -2.49233640350045e+17 4.8869341245107e+15 
37.9000000000003 1.08197536005688e+17 1.67706180808816e+17 -2.75903716814503e+17 5.40987680028438e+15 
38.0000000000003 1.1977557400443e+17 1.85652139706866e+17 -3.05427713711295e+17 5.98877870022148e+15 
38.1000000000003 1.32592558552687e+17 2.05518465756665e+17 -3.38111024309351e+17 6.62962792763434e+15 
38.2000000000003 1.46781067255812e+17 2.27510654246509e+17 -3.74291721502321e+17 7.33905336279062e+15 
38.3000000000003 1.62487864627745e+17 2.51856190173005e+17 -4.14344054800749e+17 8.12439323138724e+15 
38.4000000000003 1.79875420208452e+17 2.78806901323101e+17 -4.58682321531552e+17 8.9937710104226e+15 
38.5000000000003 1.99123589132592e+17 3.08641563155517e+17 -5.07765152288108e+17 9.95617945662957e+15 
38.6000000000003 2.20431472533022e+17 3.41668782426184e+17 -5.62100254959204e+17 1.10215736266511e+16 
38.7000000000003 2.44019477022993e+17 3.78230189385639e+17 -6.2224966640863e+17 1.22009738511496e+16 
38.8000000000003 2.70131594560095e+17 4.18703971568147e+17 -6.8883556612824e+17 1.35065797280047e+16 
38.9000000000003 2.99037926274646e+17 4.63508785725702e+17 -7.62546712000346e+17 1.49518963137323e+16 
39.0000000000003 3.31037476368752e+17 5.13108088371566e+17 -8.44145564740317e+17 1.65518738184376e+16 
39.1000000000003 3.66461244985845e+17 5.68014929728061e+17 -9.34476174713904e+17 1.83230622492922e+16 
39.2000000000003 4.05675652043039e+17 6.28797260666711e+17 -1.03447291270975e+18 2.02837826021519e+16 
39.3000000000003 4.49086327442078e+17 6.96083807535221e+17 -1.1451701349773e+18 2.24543163721039e+16 
39.4000000000003 4.97142306864442e+17 7.70570575639886e+17 -1.26771288250432e+18 2.48571153432221e+16 
39.5000000000003 5.50340676551495e+17 8.53028048654817e+17 -1.40336872520631e+18 2.75170338275747e+16 
39.6000000000003 6.09231715114809e+17 9.44309158427955e+17 -1.55354087354276e+18 3.04615857557404e+16 
39.7000000000003 6.74424585563053e+17 1.04535810762273e+18 -1.71978269318578e+18 3.37212292781526e+16 
39.8000000000003 7.4659363642318e+17 1.15722013645593e+18 -1.9038137728791e+18 3.73296818211589e+16 
39.9000000000003 8.26485377134097e+17 1.28105233455785e+18 -2.10753771169194e+18 4.13242688567048e+16 
40.0000000000003 9.14926199865588e+17 1.41813560979166e+18 -2.33306180965724e+18 4.57463099932793e+16 
40.1000000000003 1.0128309276362e+18 1.56988793783612e+18 -2.58271886547232e+18 5.06415463818102e+16 
40.2000000000003 1.12121227715101e+18 1.73787902958406e+18 -2.85909130673507e+18 5.60606138575504e+16 
40.3000000000003 1.24119133424181e+18 1.92384656807481e+18 -3.16503790231661e+18 6.20595667120904e+16 
40.4000000000003 1.3740091502668e+18 2.12971418291354e+18 -3.50372333318034e+18 6.870045751334e+16 
40.5000000000003 1.5210395794216e+18 2.35761134810348e+18 -3.87865092752508e+18 7.605197897108e+16 
40.6000000000003 1.68380348974954e+18 2.60989540911179e+18 -4.29369889886132e+18 8.4190174487477e+16 
40.7000000000003 1.86398449484849e+18 2.88917596701516e+18 -4.75316046186364e+18 9.31992247424244e+16 
40.8000000000003 2.0634463690014e+18 3.19834187195218e+18 -5.26178824095357e+18 1.0317231845007e+17 
40.9000000000003 2.28425232587096e+18 3.54059110509999e+18 -5.82484343097094e+18 1.14212616293548e+17 
41.0000000000003 2.5286863601752e+18 3.91946385827157e+18 -6.44815021844675e+18 1.2643431800876e+17 
41.1000000000003 2.79927687310028e+18 4.33887915330544e+18 -7.13815602640571e+18 1.39963843655014e+17 
41.2000000000003 3.09882282582929e+18 4.8031753800354e+18 -7.90199820586467e+18 1.54941141291464e+17 
41.3000000000003 3.43042269171657e+18 5.31715517216069e+18 -8.74757786387724e+18 1.71521134585829e+17 
41.4000000000003 3.79750650658601e+18 5.88613508520832e+18 -9.68364159179431e+18 1.898753253293e+17 
41.5000000000003 4.20387134867827e+18 6.51600059045132e+18 -1.07198719391296e+19 2.10193567433913e+17 
41.6000000000003 4.65372061524808e+18 7.21326695363453e+18 -1.18669875688826e+19 2.32686030762404e+17 
41.7000000000003 5.15170750208475e+18 7.98514662823137e+18 -1.31368541303161e+19 2.57585375104238e+17 
41.8000000000003 5.70298313570367e+18 8.8396238603407e+18 -1.45426069960443e+19 2.85149156785183e+17 
41.9000000000003 6.31324985608343e+18 9.78553727692932e+18 -1.60987871330127e+19 3.15662492804171e+17 
42.0000000000003 6.98882020109983e+18 1.08326713117047e+19 -1.78214915128045e+19 3.49441010054991e+17 
42.1000000000003 7.73668220278585e+18 1.19918574143181e+19 -1.97285396171039e+19 3.86834110139292e+17 
42.2000000000003 8.56457167083562e+18 1.32750860897952e+19 -2.18396577606308e+19 4.28228583541781e+17 
42.3000000000003 9.48105221104563e+18 1.46956309271207e+19 -2.41766831381663e+19 4.74052610552281e+17 
42.4000000000003 1.04956038063959e+19 1.62681858999137e+19 -2.67637897063096e+19 5.24780190319796e+17 
42.5000000000003 1.16187208770454e+19 1.80090173594203e+19 -2.96277382364656e+19 5.80936043852267e+17 
42.6000000000003 1.28620208335632e+19 1.99361322920229e+19 -3.2798153125586e+19 6.43101041678159e+17 
42.7000000000003 1.42383642462614e+19 2.20694645817052e+19 -3.63078288279665e+19 7.11918212313069e+17 
42.8000000000003 1.57619878736467e+19 2.44310812041525e+19 -4.01930690777991e+19 7.88099393682337e+17 
42.9000000000003 1.74486519260259e+19 2.70454104853401e+19 -4.44940624113659e+19 8.72432596301294e+17 
43.0000000000003 1.93158030875434e+19 2.99394947856922e+19 -4.92552978732355e+19 9.65790154377168e+17 
43.1000000000003 2.13827549829362e+19 3.31432702235512e+19 -5.45260252064873e+19 1.06913774914681e+18 
43.2000000000003 2.36708879557353e+19 3.66898763313897e+19 -6.03607642871249e+19 1.18354439778676e+18 
43.3000000000003 2.62038702243986e+19 4.06159988478178e+19 -6.68198690722163e+19 1.31019351121993e+18 
43.4000000000003 2.90079027039944e+19 4.49622491911914e+19 -7.39701518951857e+19 1.45039513519972e+18 
43.5000000000003 3.21119900258444e+19 4.97735845400588e+19 -8.1885574565903e+19 1.60559950129222e+18 
43.6000000000003 3.55482405585266e+19 5.50997728657163e+19 -9.06480134242427e+19 1.77741202792633e+18 
43.7000000000004 3.9352198533627e+19 6.09959077271218e+19 -1.00348106260749e+20 1.96760992668135e+18 
43.8000000000004 4.35632117117128e+19 6.75229781531549e+19 -1.11086189864867e+20 2.17816058558564e+18 
43.9000000000004 4.82248383916304e+19 7.47484995070271e+19 -1.22973337898657e+20 2.41124191958152e+18 
44.0000000000004 5.33852979731881e+19 8.27472118584415e+19 -1.36132509831629e+20 2.6692648986594e+18 
44.1000000000004 5.90979697338023e+19 9.16018530873936e+19 -1.50699822821196e+20 2.95489848669011e+18 
44.2000000000004 6.54219449784003e+19 1.0140401471652e+20 -1.6682595969492e+20 3.27109724892001e+18 
44.3000000000004 7.24226382739639e+19 1.12255089324644e+20 -1.84677727598608e+20 3.62113191369819e+18 
44.4000000000004 8.01724640912637e+19 1.24267319341459e+20 -2.04439783432722e+20 4.00862320456318e+18 
44.5000000000004 8.87515858528963e+19 1.37564958071989e+20 -2.26316543924885e+20 4.43757929264481e+18 
44.6000000000004 9.8248745135705e+19 1.52285554960343e+20 -2.50534300096047e+20 4.91243725678525e+18 
44.7000000000004 1.08762179604768e+20 1.68581378387391e+20 -2.77343557992158e+20 5.43810898023841e+18 
44.8000000000004 1.20400639173975e+20 1.86620990719661e+20 -3.07021629893636e+20 6.02003195869875e+18 
44.9000000000004 1.3328451090425e+20 2.06590991901588e+20 -3.39875502805837e+20 6.66422554521251e+18 
45.0000000000004 1.47547064275263e+20 2.28697949626657e+20 -3.76245013901919e+20 7.37735321376312e+18 
45.1000000000004 1.63335829711585e+20 2.53170536052956e+20 -4.1650636576454e+20 8.16679148557923e+18 
45.2000000000004 1.80814124622638e+20 2.8026189316509e+20 -4.61076017787727e+20 9.04070623113192e+18 
45.3000000000004 2.00162742741633e+20 3.10252251249531e+20 -5.10414993991162e+20 1.00081371370816e+19 
45.4000000000004 2.21581824237843e+20 3.43451827568657e+20 -5.650336518065e+20 1.10790912118922e+19 
45.5000000000004 2.45292925946495e+20 3.80204035217067e+20 -6.2549696116356e+20 1.22646462973247e+19 
45.6000000000004 2.71541313130486e+20 4.20889035352253e+20 -6.92430348482737e+20 1.35770656565243e+19 
45.7000000000004 3.00598496479724e+20 4.65927669543572e+20 -7.66526166023294e+20 1.50299248239862e+19 
45.8000000000004 3.32765040590525e+20 5.15785812915314e+20 -8.48550853505837e+20 1.66382520295262e+19 
45.9000000000004 3.68373672975716e+20 5.7097919311236e+20 -9.39352866088074e+20 1.84186836487858e+19 
46.0000000000004 4.07792725764726e+20 6.32078724935325e+20 -1.03987145070005e+21 2.03896362882363e+19 
46.1000000000004 4.51429945694266e+20 6.99716415826113e+20 -1.15114636152038e+21 2.25714972847133e+19 
46.2000000000004 4.99736711799767e+20 7.74591903289639e+20 -1.2743286150894e+21 2.49868355899883e+19 
46.3000000000004 5.5321270443494e+20 8.57479691874157e+20 -1.41069239630909e+21 2.7660635221747e+19 
46.4000000000004 6.12411073915349e+20 9.49237164568791e+20 -1.56164823848414e+21 3.06205536957674e+19 
46.5000000000004 6.77944162249907e+20 1.05081345148736e+21 -1.72875761373726e+21 3.38972081124953e+19 
46.6000000000004 7.50489837145333e+20 1.16325924757527e+21 -1.91374908472059e+21 3.75244918572666e+19 
46.7000000000004 8.3079850380186e+20 1.28773768089288e+21 -2.11853618469474e+21 4.1539925190093e+19 
46.8000000000004 9.19700867029524e+20 1.42553634389576e+21 -2.34523721092528e+21 4.59850433514762e+19 
46.9000000000004 1.01811652397557e+21 1.57808061216214e+21 -2.59619713613771e+21 5.09058261987787e+19 
47.0000000000004 1.12706347634533e+21 1.74694838833526e+21 -2.87401186468058e+21 5.63531738172663e+19 
47.1000000000004 1.24766866050991e+21 1.93388642379037e+21 -3.18155508430027e+21 6.23834330254956e+19 
47.2000000000004 1.38117960442331e+21 2.14082838685613e+21 -3.52200799127944e+21 6.90589802211656e+19 
47.3000000000004 1.52897733192664e+21 2.3699148644863e+21 -3.89889219641293e+21 7.64488665963321e+19 
47.4000000000004 1.69259064792056e+21 2.62351550427687e+21 -4.31610615219742e+21 8.4629532396028e+19 
47.5000000000004 1.87371195217013e+21 2.9042535258637e+21 -4.77796547803381e+21 9.36855976085062e+19 
47.6000000000004 2.0742147453186e+21 3.21503285524383e+21 -5.28924760056241e+21 1.0371073726593e+20 
47.7000000000004 2.29617300819057e+21 3.55906816269538e+21 -5.85524117088593e+21 1.14808650409528e+20 
47.8000000000004 2.54188265484202e+21 3.93991811500514e+21 -6.48180076984715e+21 1.27094132742101e+20 
47.9000000000004 2.81388528126558e+21 4.36152218596165e+21 -7.17540746722721e+21 1.40694264063279e+20 
48.0000000000004 3.114994455405e+21 4.82824140587776e+21 -7.94323586128275e+21 1.5574972277025e+20 
48.1000000000004 3.44832482042047e+21 5.34490347165173e+21 -8.79322829207218e+21 1.72416241021023e+20 
48.2000000000004 3.81732431224563e+21 5.91685268398073e+21 -9.73417699622633e+21 1.90866215612281e+20 
48.3000000000004 4.22580982469185e+21 6.55000522827236e+21 -1.07758150529642e+22 2.11290491234592e+20 
48.4000000000004 4.67800669101575e+21 7.25091037107441e+21 -1.19289170620901e+22 2.33900334550787e+20 
48.5000000000004 5.17859239034352e+21 8.02681820503246e+21 -1.3205410595376e+22 2.58929619517176e+20 
48.6000000000004 5.73274493104687e+21 8.88575464312265e+21 -1.46184995741695e+22 2.86637246552343e+20 
48.7000000000004 6.34619641154331e+21 9.83660443789213e+21 -1.61828008494354e+22 3.17309820577165e+20 
48.8000000000004 7.02529231254854e+21 1.08892030844502e+22 -1.79144953969987e+22 3.51264615627427e+20 
48.9000000000004 7.77705713409384e+21 1.20544385578454e+22 -1.98314956919392e+22 3.88852856704691e+20 
49.0000000000004 8.60926705625133e+21 1.33443639371896e+22 -2.19536309934408e+22 4.30463352812566e+20 
49.1000000000004 9.53053037516235e+21 1.47723220815016e+22 -2.4302852456664e+22 4.76526518758117e+20 
49.2000000000004 1.05503765463912e+22 1.63530836469063e+22 -2.69034601932975e+22 5.27518827319559e+20 
49.3000000000004 1.16793547566596e+22 1.81029998728224e+22 -2.97823546294819e+22 5.83967737832979e+20 
49.4000000000004 1.29291430435785e+22 2.00401717175466e+22 -3.29693147611251e+22 6.46457152178923e+20 
49.5000000000004 1.43126690921001e+22 2.21846370927551e+22 -3.64973061848551e+22 7.15633454605003e+20 
49.6000000000004 1.58442439571972e+22 2.45585781336557e+22 -4.04028220908528e+22 7.9221219785986e+20 
49.7000000000004 1.75397100959836e+22 2.71865506487746e+22 -4.47262607447582e+22 8.76985504799181e+20 
49.8000000000004 1.94166052405047e+22 3.00957381227823e+22 -4.95123433632868e+22 9.70830262025233e+20 
49.9000000000004 2.14943438062824e+22 3.33162328997376e+22 -5.48105767060199e+22 1.07471719031412e+21 
50.0000000000004 2.37944177130863e+22 3.68813474552837e+22 -6.06757651683699e+22 1.18972088565431e+21 
