0 2 3.1 -5.1 0.1 
0.01 2.02 3.131 -5.151 0.101 
0.02 2.0402 3.16231 -5.20251 0.10201 
0.03 2.060602 3.1939331 -5.2545351 0.1030301 
0.04 2.08120802 3.225872431 -5.307080451 0.104060401 
0.05 2.1020201002 3.25813115531 -5.36015125551 0.10510100501 
0.06 2.123040301202 3.2907124668631 -5.4137527680651 0.1061520150601 
0.07 2.14427070421402 3.32361959153173 -5.46789029574575 0.107213535210701 
0.08 2.16571341125616 3.35685578744705 -5.52256919870321 0.108285670562808 
0.09 2.18737054536872 3.39042434532152 -5.57779489069024 0.109368527268436 
0.1 2.20924425082241 3.42432858877473 -5.63357283959714 0.11046221254112 
0.11 2.23133669333063 3.45857187466248 -5.68990856799311 0.111566834666532 
0.12 2.25365006026394 3.49315759340911 -5.74680765367305 0.112682503013197 
0.13 2.27618656086658 3.5280891693432 -5.80427573020978 0.113809328043329 
0.14 2.29894842647524 3.56337006103663 -5.86231848751187 0.114947421323762 
0.15 2.32193791074 3.599003761647 -5.92094167238699 0.116096895537 
0.16 2.3451572898474 3.63499379926347 -5.98015108911086 0.11725786449237 
0.17 2.36860886274587 3.6713437372561 -6.03995260000197 0.118430443137294 
0.18 2.39229495137333 3.70805717462866 -6.10035212600199 0.119614747568666 
0.19 2.41621790088706 3.74513774637495 -6.16135564726201 0.120810895044353 
0.2 2.44038007989593 3.7825891238387 -6.22296920373463 0.122019003994797 
0.21 2.46478388069489 3.82041501507708 -6.28519889577198 0.123239194034745 
0.22 2.48943171950184 3.85861916522786 -6.3480508847297 0.124471585975092 
0.23 2.51432603669686 3.89720535688013 -6.41153139357699 0.125716301834843 
0.24 2.53946929706383 3.93617741044894 -6.47564670751276 0.126973464853191 
0.25 2.56486399003447 3.97553918455342 -6.54040317458789 0.128243199501723 
0.26 2.59051262993481 4.01529457639896 -6.60580720633377 0.129525631496741 
0.27 2.61641775623416 4.05544752216295 -6.67186527839711 0.130820887811708 
0.28 2.6425819337965 4.09600199738458 -6.73858393118108 0.132129096689825 
0.29 2.66900775313447 4.13696201735842 -6.80596977049289 0.133450387656723 
0.3 2.69569783066581 4.17833163753201 -6.87402946819782 0.134784891533291 
0.31 2.72265480897247 4.22011495390733 -6.9427697628798 0.136132740448624 
0.32 2.74988135706219 4.2623161034464 -7.0121974605086 0.13749406785311 
0.33 2.77738017063282 4.30493926448086 -7.08231943511368 0.138869008531641 
0.34 2.80515397233914 4.34798865712567 -7.15314262946482 0.140257698616957 
0.35 2.83320551206254 4.39146854369693 -7.22467405575947 0.141660275603127 
0.36 2.86153756718316 4.4353832291339 -7.29692079631706 0.143076878359158 
0.37 2.89015294285499 4.47973706142524 -7.36989000428023 0.14450764714275 
0.38 2.91905447228354 4.52453443203949 -7.44358890432303 0.145952723614177 
0.39 2.94824501700638 4.56977977635989 -7.51802479336626 0.147412250850319 
0.4 2.97772746717644 4.61547757412349 -7.59320504129993 0.148886373358822 
0.41 3.00750474184821 4.66163234986472 -7.66913709171293 0.15037523709241 
0.42 3.03757978926669 4.70824867336337 -7.74582846263005 0.151878989463334 
0.43 3.06795558715936 4.755331160097 -7.82328674725635 0.153397779357968 
0.44 3.09863514303095 4.80288447169797 -7.90151961472892 0.154931757151547 
0.45 3.12962149446126 4.85091331641495 -7.98053481087621 0.156481074723063 
0.46 3.16091770940587 4.8994224495791 -8.06034015898497 0.158045885470294 
0.47 3.19252688649993 4.94841667407489 -8.14094356057482 0.159626344324997 
0.48 3.22445215536493 4.99790084081564 -8.22235299618057 0.161222607768246 
0.49 3.25669667691858 5.0478798492238 -8.30457652614237 0.162834833845929 
0.5 3.28926364368776 5.09835864771603 -8.3876222914038 0.164463182184388 
0.51 3.32215628012464 5.14934223419319 -8.47149851431783 0.166107814006232 
0.52 3.35537784292589 5.20083565653513 -8.55621349946101 0.167768892146294 
0.53 3.38893162135515 5.25284401310048 -8.64177563445562 0.169446581067757 
0.54 3.4228209375687 5.30537245323148 -8.72819339080018 0.171141046878435 
0.55 3.45704914694439 5.3584261777638 -8.81547532470818 0.172852457347219 
0.56 3.49161963841383 5.41201043954144 -8.90363007795526 0.174580981920692 
0.57 3.52653583479797 5.46613054393685 -8.99266637873482 0.176326791739898 
0.58 3.56180119314595 5.52079184937622 -9.08259304252216 0.178090059657297 
0.59 3.59741920507741 5.57599976786998 -9.17341897294739 0.17987096025387 
0.6 3.63339339712818 5.63175976554868 -9.26515316267686 0.181669669856409 
0.61 3.66972733109946 5.68807736320417 -9.35780469430363 0.183486366554973 
0.62 3.70642460441046 5.74495813683621 -9.45138274124667 0.185321230220523 
0.63 3.74348885045456 5.80240771820457 -9.54589656865913 0.187174442522728 
0.64 3.78092373895911 5.86043179538662 -9.64135553434572 0.189046186947955 
0.65 3.8187329763487 5.91903611334048 -9.73776908968918 0.190936648817435 
0.66 3.85692030611218 5.97822647447389 -9.83514678058607 0.192846015305609 
0.67 3.89548950917331 6.03800873921863 -9.93349824839193 0.194774475458665 
0.68 3.93444440426504 6.09838882661081 -10.0328332308759 0.196722220213252 
0.69 3.97378884830769 6.15937271487692 -10.1331615631846 0.198689442415385 
0.7 4.01352673679077 6.22096644202569 -10.2344931788165 0.200676336839538 
0.71 4.05366200415867 6.28317610644595 -10.3368381106046 0.202683100207934 
0.72 4.09419862420026 6.34600786751041 -10.4402064917107 0.204709931210013 
0.73 4.13514061044226 6.40946794618551 -10.5446085566278 0.206757030522113 
0.74 4.17649201654669 6.47356262564736 -10.6500546421941 0.208824600827334 
0.75 4.21825693671215 6.53829825190384 -10.756555188616 0.210912846835608 
0.76 4.26043950607928 6.60368123442288 -10.8641207405022 0.213021975303964 
0.77 4.30304390114007 6.66971804676711 -10.9727619479072 0.215152195057003 
0.78 4.34607434015147 6.73641522723478 -11.0824895673862 0.217303717007574 
0.79 4.38953508355298 6.80377937950712 -11.1933144630601 0.219476754177649 
0.8 4.43343043438851 6.8718171733022 -11.3052476076907 0.221671521719426 
0.81 4.4777647387324 6.94053534503522 -11.4183000837676 0.22388823693662 
0.820000000000001 4.52254238611972 7.00994069848557 -11.5324830846053 0.226127119305986 
0.830000000000001 4.56776780998092 7.08004010547043 -11.6478079154513 0.228388390499046 
0.840000000000001 4.61344548808073 7.15084050652513 -11.7642859946059 0.230672274404037 
0.850000000000001 4.65957994296154 7.22234891159038 -11.8819288545519 0.232978997148077 
0.860000000000001 4.70617574239115 7.29457240070628 -12.0007481430974 0.235308787119558 
0.870000000000001 4.75323749981506 7.36751812471335 -12.1207556245284 0.237661874990753 
0.880000000000001 4.80076987481321 7.44119330596048 -12.2419631807737 0.240038493740661 
0.890000000000001 4.84877757356135 7.51560523902009 -12.3643828125814 0.242438878678067 
0.900000000000001 4.89726534929696 7.59076129141029 -12.4880266407072 0.244863267464848 
0.910000000000001 4.94623800278993 7.66666890432439 -12.6129069071143 0.247311900139496 
0.920000000000001 4.99570038281783 7.74333559336763 -12.7390359761855 0.249785019140891 
0.930000000000001 5.04565738664601 7.82076894930131 -12.8664263359473 0.2522828693323 
0.940000000000001 5.09611396051247 7.89897663879432 -12.9950905993068 0.254805698025623 
0.950000000000001 5.14707510011759 7.97796640518227 -13.1250415052999 0.25735375500588 
0.960000000000001 5.19854585111877 8.05774606923409 -13.2562919203529 0.259927292555938 
0.970000000000001 5.25053130962996 8.13832352992643 -13.3888548395564 0.262526565481498 
0.980000000000001 5.30303662272625 8.21970676522569 -13.522743387952 0.265151831136313 
0.990000000000001 5.35606698895352 8.30190383287795 -13.6579708218315 0.267803349447676 
1 5.40962765884305 8.38492287120673 -13.7945505300498 0.270481382942153 
1.01 5.46372393543148 8.4687720999188 -13.9324960353503 0.273186196771574 
1.02 5.5183611747858 8.55345982091799 -14.0718209957038 0.27591805873929 
1.03 5.57354478653366 8.63899441912717 -14.2125392056608 0.278677239326683 
1.04 5.62928023439899 8.72538436331844 -14.3546645977174 0.28146401171995 
1.05 5.68557303674298 8.81263820695162 -14.4982112436946 0.284278651837149 
1.06 5.74242876711041 8.90076458902114 -14.6431933561316 0.287121438355521 
1.07 5.79985305478152 8.98977223491135 -14.7896252896929 0.289992652739076 
1.08 5.85785158532933 9.07966995726046 -14.9375215425898 0.292892579266467 
1.09 5.91643010118262 9.17046665683307 -15.0868967580157 0.295821505059131 
1.1 5.97559440219445 9.2621713234014 -15.2377657255959 0.298779720109722 
1.11 6.03535034621639 9.35479303663541 -15.3901433828518 0.30176751731082 
1.12 6.09570384967856 9.44834096700177 -15.5440448166803 0.304785192483928 
1.13 6.15666088817534 9.54282437667178 -15.6994852648471 0.307833044408767 
1.14 6.2182274970571 9.6382526204385 -15.8564801174956 0.310911374852855 
1.15 6.28040977202767 9.73463514664289 -16.0150449186706 0.314020488601383 
1.16 6.34321386974794 9.83198149810931 -16.1751953678573 0.317160693487397 
1.17 6.40664600844542 9.93030131309041 -16.3369473215358 0.320332300422271 
1.18 6.47071246852988 10.0296043262213 -16.5003167947512 0.323535623426494 
1.19 6.53541959321518 10.1299003694835 -16.6653199626987 0.326770979660759 
1.2 6.60077378914733 10.2311993731784 -16.8319731623257 0.330038689457366 
1.21 6.6667815270388 10.3335113669101 -17.000292893949 0.33333907635194 
1.22 6.73344934230919 10.4368464805792 -17.1702958228884 0.33667246711546 
1.23 6.80078383573228 10.541214945385 -17.3419987811173 0.340039191786614 
1.24 6.8687916740896 10.6466270948389 -17.5154187689285 0.34343958370448 
1.25 6.9374795908305 10.7530933657873 -17.6905729566178 0.346873979541525 
1.26 7.0068543867388 10.8606242994451 -17.867478686184 0.35034271933694 
1.27 7.07692293060619 10.9692305424396 -18.0461534730458 0.35384614653031 
1.28 7.14769215991225 11.078922847864 -18.2266150077763 0.357384607995613 
1.29 7.21916908151138 11.1897120763426 -18.408881157854 0.360958454075569 
1.3 7.29136077232649 11.3016091971061 -18.5929699694326 0.364568038616325 
1.31 7.36427438004976 11.4146252890771 -18.7788996691269 0.368213719002488 
1.32 7.43791712385025 11.5287715419679 -18.9666886658182 0.371895856192513 
1.33 7.51229629508876 11.6440592573876 -19.1563555524763 0.375614814754438 
1.34 7.58741925803964 11.7604998499614 -19.3479191080011 0.379370962901982 
1.35 7.66329345062004 11.8781048484611 -19.5413982990811 0.383164672531002 
1.36 7.73992638512624 11.9968858969457 -19.7368122820719 0.386996319256312 
1.37 7.8173256489775 12.1168547559151 -19.9341804048926 0.390866282448875 
1.38 7.89549890546728 12.2380233034743 -20.1335222089416 0.394774945273364 
1.39 7.97445389452195 12.360403536509 -20.334857431031 0.398722694726098 
1.4 8.05419843346717 12.4840075718741 -20.5382060053413 0.402709921673359 
1.41 8.13474041780184 12.6088476475929 -20.7435880653947 0.406737020890092 
1.42 8.21608782197986 12.7349361240688 -20.9510239460487 0.410804391098993 
1.43 8.29824870019966 12.8622854853095 -21.1605341855091 0.414912435009983 
1.44 8.38123118720165 12.9909083401626 -21.3721395273642 0.419061559360083 
1.45 8.46504349907367 13.1208174235642 -21.5858609226379 0.423252174953684 
1.46 8.54969393406441 13.2520255977998 -21.8017195318643 0.42748469670322 
1.47 8.63519087340505 13.3845458537778 -22.0197367271829 0.431759543670253 
1.48 8.7215427821391 13.5183913123156 -22.2399340944547 0.436077139106955 
1.49 8.80875820996049 13.6535752254388 -22.4623334353993 0.440437910498025 
1.5 8.8968457920601 13.7901109776931 -22.6869567697533 0.444842289603005 
1.51 8.9858142499807 13.9280120874701 -22.9138263374508 0.449290712499035 
1.52 9.07567239248051 14.0672922083448 -23.1429646008253 0.453783619624025 
1.53 9.16642911640531 14.2079651304282 -23.3743942468336 0.458321455820266 
1.54 9.25809340756936 14.3500447817325 -23.6081381893019 0.462904670378468 
1.55 9.35067434164506 14.4935452295498 -23.8442195711949 0.467533717082253 
1.56 9.44418108506151 14.6384806818453 -24.0826617669069 0.472209054253076 
1.57 9.53862289591212 14.7848654886638 -24.3234883845759 0.476931144795606 
1.58 9.63400912487124 14.9327141435504 -24.5667232684217 0.481700456243562 
1.59 9.73034921611996 15.0820412849859 -24.8123905011059 0.486517460805998 
1.6 9.82765270828116 15.2328616978358 -25.060514406117 0.491382635414058 
1.61 9.92592923536397 15.3851903148141 -25.3111195501781 0.496296461768198 
1.62 10.0251885277176 15.5390422179623 -25.5642307456799 0.501259426385881 
1.63 10.1254404129948 15.6944326401419 -25.8198730531367 0.506272020649739 
1.64 10.2266948171247 15.8513769665433 -26.0780717836681 0.511334740856237 
1.65 10.328961765296 16.0098907362088 -26.3388525015048 0.516448088264799 
1.66 10.4322513829489 16.1699896435709 -26.6022410265198 0.521612569147447 
1.67 10.5365738967784 16.3316895400066 -26.868263436785 0.526828694838921 
1.68 10.6419396357462 16.4950064354066 -27.1369460711529 0.532096981787311 
1.69 10.7483590321037 16.6599564997607 -27.4083155318644 0.537417951605184 
1.7 10.8558426224247 16.8265560647583 -27.682398687183 0.542792131121236 
1.71 10.964401048649 16.9948216254059 -27.9592226740549 0.548220052432448 
1.72 11.0740450591354 17.1647698416599 -28.2388149007954 0.553702252956772 
1.73 11.1847855097268 17.3364175400765 -28.5212030498034 0.55923927548634 
1.74 11.2966333648241 17.5097817154773 -28.8064150803014 0.564831668241204 
1.75 11.4095996984723 17.6848795326321 -29.0944792311044 0.570479984923616 
1.76 11.523695695457 17.8617283279584 -29.3854240234155 0.576184784772852 
1.77 11.6389326524116 18.040345611238 -29.6792782636496 0.58194663262058 
1.78 11.7553219789357 18.2207490673504 -29.9760710462861 0.587766098946786 
1.79 11.8728751987251 18.4029565580239 -30.275831756749 0.593643759936254 
1.8 11.9916039507123 18.5869861236041 -30.5785900743165 0.599580197535616 
1.81 12.1115199902194 18.7728559848402 -30.8843759750596 0.605575999510973 
1.82 12.2326351901216 18.9605845446886 -31.1932197348102 0.611631759506082 
1.83 12.3549615420229 19.1501903901354 -31.5051519321583 0.617748077101143 
1.84 12.4785111574431 19.3416922940368 -31.8202034514799 0.623925557872155 
1.85 12.6032962690175 19.5351092169772 -32.1384054859947 0.630164813450876 
1.86 12.7293292317077 19.7304603091469 -32.4597895408547 0.636466461585385 
1.87 12.8566225240248 19.9277649122384 -32.7843874362632 0.642831126201239 
1.88 12.985188749265 20.1270425613608 -33.1122313106258 0.649259437463251 
1.89 13.1150406367577 20.3283129869744 -33.4433536237321 0.655752031837884 
1.9 13.2461910431252 20.5315961168441 -33.7777871599694 0.662309552156263 
1.91 13.3786529535565 20.7369120780126 -34.1155650315691 0.668932647677825 
1.92 13.5124394830921 20.9442811987927 -34.4567206818848 0.675621974154603 
1.93 13.647563877923 21.1537240107806 -34.8012878887036 0.682378193896149 
1.94 13.7840395167022 21.3652612508884 -35.1493007675907 0.689201975835111 
1.95 13.9218799118692 21.5789138633973 -35.5007937752666 0.696093995593462 
1.96 14.0610987109879 21.7947030020313 -35.8558017130193 0.703054935549397 
1.97 14.2017096980978 22.0126500320516 -36.2143597301494 0.710085484904891 
1.98 14.3437267950788 22.2327765323721 -36.5765033274509 0.717186339753939 
1.99 14.4871640630296 22.4551042976959 -36.9422683607254 0.724358203151479 
2 14.6320357036599 22.6796553406728 -37.3116910443327 0.731601785182994 
2.01 14.7783560606965 22.9064518940795 -37.684807954776 0.738917803034823 
2.02 14.9261396213034 23.1355164130203 -38.0616560343238 0.746306981065172 
2.03 15.0754010175165 23.3668715771505 -38.442272594667 0.753770050875823 
2.04 15.2261550276916 23.600540292922 -38.8266953206137 0.761307751384582 
2.05 15.3784165779685 23.8365456958513 -39.2149622738198 0.768920828898427 
2.06 15.5322007437482 24.0749111528098 -39.607111896558 0.776610037187412 
2.07 15.6875227511857 24.3156602643379 -40.0031830155236 0.784376137559286 
2.08 15.8443979786976 24.5588168669812 -40.4032148456788 0.792219898934879 
2.09 16.0028419584845 24.8044050356511 -40.8072469941356 0.800142097924227 
2.1 16.1628703780694 25.0524490860076 -41.215319464077 0.80814351890347 
2.11 16.3244990818501 25.3029735768676 -41.6274726587178 0.816224954092504 
2.12 16.4877440726686 25.5560033126363 -42.0437473853049 0.824387203633429 
2.13 16.6526215133953 25.8115633457627 -42.464184859158 0.832631075669764 
2.14 16.8191477285292 26.0696789792203 -42.8888267077496 0.840957386426461 
2.15 16.9873392058145 26.3303757690125 -43.3177149748271 0.849366960290726 
2.16 17.1572125978727 26.5936795267026 -43.7508921245753 0.857860629893633 
2.17 17.3287847238514 26.8596163219697 -44.1884010458211 0.866439236192569 
2.18 17.5020725710899 27.1282124851894 -44.6302850562793 0.875103628554495 
2.19 17.6770932968008 27.3994946100413 -45.0765879068421 0.88385466484004 
2.2 17.8538642297688 27.6734895561417 -45.5273537859105 0.892693211488441 
2.21 18.0324028720665 27.9502244517031 -45.9826273237696 0.901620143603325 
2.22 18.2127269007872 28.2297266962201 -46.4424535970073 0.910636345039358 
2.23 18.394854169795 28.5120239631823 -46.9068781329774 0.919742708489752 
2.24 18.578802711493 28.7971442028141 -47.3759469143072 0.928940135574649 
2.25 18.7645907386079 29.0851156448423 -47.8497063834502 0.938229536930396 
2.26 18.952236645994 29.3759668012907 -48.3282034472847 0.9476118322997 
2.27 19.1417590124539 29.6697264693036 -48.8114854817576 0.957087950622697 
2.28 19.3331766025785 29.9664237339967 -49.2996003365752 0.966658830128924 
2.29 19.5265083686043 30.2660879713366 -49.7925963399409 0.976325418430213 
2.29999999999999 19.7217734522903 30.56874885105 -50.2905223033403 0.986088672614515 
2.30999999999999 19.9189911868132 30.8744363395605 -50.7934275263737 0.99594955934066 
2.31999999999999 20.1181810986813 31.1831807029561 -51.3013618016375 1.00590905493407 
2.32999999999999 20.3193629096681 31.4950125099856 -51.8143754196538 1.01596814548341 
2.33999999999999 20.5225565387648 31.8099626350855 -52.3325191738504 1.02612782693824 
2.34999999999999 20.7277821041525 32.1280622614364 -52.8558443655889 1.03638910520762 
2.35999999999999 20.935059925194 32.4493428840507 -53.3844028092448 1.0467529962597 
2.36999999999999 21.1444105244459 32.7738363128912 -53.9182468373372 1.0572205262223 
2.37999999999999 21.3558546296904 33.1015746760201 -54.4574293057106 1.06779273148452 
2.38999999999999 21.5694131759873 33.4325904227804 -55.0020035987677 1.07847065879937 
2.39999999999999 21.7851073077472 33.7669163270082 -55.5520236347554 1.08925536538736 
2.40999999999999 22.0029583808247 34.1045854902782 -56.1075438711029 1.10014791904123 
2.41999999999999 22.2229879646329 34.445631345181 -56.6686193098139 1.11114939823164 
2.42999999999999 22.4452178442792 34.7900876586328 -57.2353055029121 1.12226089221396 
2.43999999999999 22.669670022722 35.1379885352192 -57.8076585579412 1.1334835011361 
2.44999999999999 22.8963667229492 35.4893684205713 -58.3857351435206 1.14481833614746 
2.45999999999999 23.1253303901787 35.8442621047771 -58.9695924949558 1.15626651950894 
2.46999999999999 23.3565836940805 36.2027047258248 -59.5592884199054 1.16782918470403 
2.47999999999999 23.5901495310213 36.5647317730831 -60.1548813041044 1.17950747655107 
2.48999999999999 23.8260510263315 36.9303790908139 -60.7564301171455 1.19130255131658 
2.49999999999999 24.0643115365949 37.2996828817221 -61.3639944183169 1.20321557682974 
2.50999999999999 24.3049546519608 37.6726797105393 -61.9776343625001 1.21524773259804 
2.51999999999999 24.5480041984804 38.0494065076447 -62.5974107061251 1.22740020992402 
2.52999999999999 24.7934842404652 38.4299005727211 -63.2233848131863 1.23967421202326 
2.53999999999999 25.0414190828699 38.8141995784483 -63.8556186613182 1.25207095414349 
2.54999999999999 25.2918332736986 39.2023415742328 -64.4941748479314 1.26459166368493 
2.55999999999999 25.5447516064356 39.5943649899751 -65.1391165964107 1.27723758032178 
2.56999999999999 25.8001991224999 39.9903086398749 -65.7905077623748 1.290009956125 
2.57999999999999 26.0582011137249 40.3902117262736 -66.4484128399986 1.30291005568625 
2.58999999999999 26.3187831248622 40.7941138435364 -67.1128969683986 1.31593915624311 
2.59999999999999 26.5819709561108 41.2020549819717 -67.7840259380826 1.32909854780554 
2.60999999999999 26.8477906656719 41.6140755317915 -68.4618661974634 1.34238953328359 
2.61999999999999 27.1162685723286 42.0302162871094 -69.146484859438 1.35581342861643 
2.62999999999999 27.3874312580519 42.4505184499805 -69.8379497080324 1.3693715629026 
2.63999999999999 27.6613055706324 42.8750236344803 -70.5363292051127 1.38306527853162 
2.64999999999999 27.9379186263387 43.3037738708251 -71.2416924971639 1.39689593131694 
2.65999999999999 28.2172978126021 43.7368116095333 -71.9541094221355 1.41086489063011 
2.66999999999999 28.4994707907281 44.1741797256287 -72.6736505163568 1.42497353953641 
2.67999999999999 28.7844654986354 44.6159215228849 -73.4003870215204 1.43922327493177 
2.68999999999999 29.0723101536218 45.0620807381138 -74.1343908917356 1.45361550768109 
2.69999999999999 29.363033255158 45.5127015454949 -74.875734800653 1.4681516627579 
2.70999999999999 29.6566635877096 45.9678285609499 -75.6244921486595 1.48283317938548 
2.71999999999999 29.9532302235867 46.4275068465594 -76.3807370701461 1.49766151117933 
2.72999999999999 30.2527625258225 46.891781915025 -77.1445444408476 1.51263812629113 
2.73999999999999 30.5552901510808 47.3606997341752 -77.915989885256 1.52776450755404 
2.74999999999999 30.8608430525916 47.834306731517 -78.6951497841086 1.54304215262958 
2.75999999999999 31.1694514831175 48.3126497988321 -79.4821012819497 1.55847257415588 
2.76999999999998 31.4811459979487 48.7957762968205 -80.2769222947692 1.57405729989743 
2.77999999999998 31.7959574579282 49.2837340597887 -81.0796915177169 1.58979787289641 
2.78999999999998 32.1139170325074 49.7765714003866 -81.890488432894 1.60569585162537 
2.79999999999998 32.4350562028325 50.2743371143904 -82.709393317223 1.62175281014163 
2.80999999999998 32.7594067648608 50.7770804855343 -83.5364872503952 1.63797033824304 
2.81999999999998 33.0870008325095 51.2848512903897 -84.3718521228992 1.65435004162547 
2.82999999999998 33.4178708408345 51.7976998032936 -85.2155706441282 1.67089354204173 
2.83999999999998 33.7520495492429 52.3156768013265 -86.0677263505694 1.68760247746214 
2.84999999999998 34.0895700447353 52.8388335693398 -86.9284036140751 1.70447850223677 
2.85999999999998 34.4304657451827 53.3672219050332 -87.7976876502159 1.72152328725913 
2.86999999999998 34.7747704026345 53.9008941240835 -88.6756645267181 1.73873852013173 
2.87999999999998 35.1225181066608 54.4399030653243 -89.5624211719852 1.75612590533304 
2.88999999999998 35.4737432877275 54.9843020959776 -90.4580453837051 1.77368716438637 
2.89999999999998 35.8284807206047 55.5341451169374 -91.3626258375421 1.79142403603024 
2.90999999999998 36.1867655278108 56.0894865681067 -92.2762520959176 1.80933827639054 
2.91999999999998 36.5486331830889 56.6503814337878 -93.1990146168767 1.82743165915444 
2.92999999999998 36.9141195149198 57.2168852481257 -94.1310047630455 1.84570597574599 
2.93999999999998 37.283260710069 57.7890541006069 -95.072314810676 1.86416303550345 
2.94999999999998 37.6560933171697 58.366944641613 -96.0230379587827 1.88280466585848 
2.95999999999998 38.0326542503414 58.9506140880291 -96.9832683383706 1.90163271251707 
2.96999999999998 38.4129807928448 59.5401202289094 -97.9531010217543 1.92064903964224 
2.97999999999998 38.7971106007732 60.1355214311985 -98.9326320319718 1.93985553003866 
2.98999999999998 39.1850817067809 60.7368766455105 -99.9219583522915 1.95925408533905 
2.99999999999998 39.5769325238488 61.3442454119656 -100.921177935814 1.97884662619244 
3.00999999999998 39.9727018490873 61.9576878660853 -101.930389715173 1.99863509245436 
3.01999999999998 40.3724288675781 62.5772647447461 -102.949693612324 2.01862144337891 
3.02999999999998 40.7761531562539 63.2030373921936 -103.979190548448 2.0388076578127 
3.03999999999998 41.1839146878164 63.8350677661155 -105.018982453932 2.05919573439082 
3.04999999999998 41.5957538346946 64.4734184437767 -106.069172278471 2.07978769173473 
3.05999999999998 42.0117113730416 65.1181526282144 -107.129864001256 2.10058556865208 
3.06999999999998 42.431828486772 65.7693341544966 -108.201162641269 2.1215914243386 
3.07999999999998 42.8561467716397 66.4270274960416 -109.283174267681 2.14280733858198 
3.08999999999998 43.2847082393561 67.091297771002 -110.376006010358 2.1642354119678 
3.09999999999998 43.7175553217496 67.762210748712 -111.479766070462 2.18587776608748 
3.10999999999998 44.1547308749671 68.4398328561991 -112.594563731166 2.20773654374836 
3.11999999999998 44.5962781837168 69.1242311847611 -113.720509368478 2.22981390918584 
3.12999999999998 45.042240965554 69.8154734966087 -114.857714462163 2.2521120482777 
3.13999999999998 45.4926633752095 70.5136282315748 -116.006291606784 2.27463316876048 
3.14999999999998 45.9475900089616 71.2187645138906 -117.166354522852 2.29737950044808 
3.15999999999998 46.4070659090512 71.9309521590295 -118.338018068081 2.32035329545256 
3.16999999999998 46.8711365681417 72.6502616806198 -119.521398248762 2.34355682840709 
3.17999999999998 47.3398479338231 73.376764297426 -120.716612231249 2.36699239669116 
3.18999999999998 47.8132464131614 74.1105319404002 -121.923778353562 2.39066232065807 
3.19999999999998 48.291378877293 74.8516372598042 -123.143016137097 2.41456894386465 
3.20999999999998 48.7742926660659 75.6001536324023 -124.374446298468 2.4387146333033 
3.21999999999998 49.2620355927266 76.3561551687263 -125.618190761453 2.46310177963633 
3.22999999999998 49.7546559486538 77.1197167204135 -126.874372669067 2.48773279743269 
3.23999999999997 50.2522025081404 77.8909138876177 -128.143116395758 2.51261012540702 
3.24999999999997 50.7547245332218 78.6698230264939 -129.424547559716 2.53773622666109 
3.25999999999997 51.262271778554 79.4565212567588 -130.718793035313 2.5631135889277 
3.26999999999997 51.7748944963395 80.2510864693264 -132.025980965666 2.58874472481698 
3.27999999999997 52.2926434413029 81.0535973340196 -133.346240775323 2.61463217206515 
3.28999999999997 52.815569875716 81.8641333073598 -134.679703183076 2.6407784937858 
3.29999999999997 53.3437255744731 82.6827746404334 -136.026500214907 2.66718627872366 
3.30999999999997 53.8771628302179 83.5096023868378 -137.386765217056 2.69385814151089 
3.31999999999997 54.41593445852 84.3446984107061 -138.760632869226 2.720796722926 
3.32999999999997 54.9600938031052 85.1881453948132 -140.148239197919 2.74800469015526 
3.33999999999997 55.5096947411363 86.0400268487613 -141.549721589898 2.77548473705682 
3.34999999999997 56.0647916885477 86.900427117249 -142.965218805797 2.80323958442738 
3.35999999999997 56.6254396054331 87.7694313884214 -144.394870993855 2.83127198027166 
3.36999999999997 57.1916940014875 88.6471257023057 -145.838819703793 2.85958470007437 
3.37999999999997 57.7636109415023 89.5335969593287 -147.297207900831 2.88818054707512 
3.38999999999997 58.3412470509174 90.428932928922 -148.770179979839 2.91706235254587 
3.39999999999997 58.9246595214265 91.3332222582112 -150.257881779638 2.94623297607133 
3.40999999999997 59.5139061166408 92.2465544807933 -151.760460597434 2.97569530583204 
3.41999999999997 60.1090451778072 93.1690200256013 -153.278065203409 3.00545225889036 
3.42999999999997 60.7101356295853 94.1007102258573 -154.810845855443 3.03550678147927 
3.43999999999997 61.3172369858811 95.0417173281159 -156.358954313997 3.06586184929406 
3.44999999999997 61.9304093557399 95.992134501397 -157.922543857137 3.096520467787 
3.45999999999997 62.5497134492973 96.952055846411 -159.501769295708 3.12748567246487 
3.46999999999997 63.1752105837903 97.9215764048751 -161.096786988666 3.15876052918952 
3.47999999999997 63.8069626896282 98.9007921689238 -162.707754858552 3.19034813448141 
3.48999999999997 64.4450323165245 99.8898000906131 -164.334832407138 3.22225161582623 
3.49999999999997 65.0894826396897 100.888698091519 -165.978180731209 3.25447413198449 
3.50999999999997 65.7403774660866 101.897585072434 -167.637962538521 3.28701887330433 
3.51999999999997 66.3977812407475 102.916560923159 -169.314342163906 3.31988906203738 
3.52999999999997 67.061759053155 103.94572653239 -171.007485585545 3.35308795265775 
3.53999999999997 67.7323766436865 104.985183797714 -172.717560441401 3.38661883218433 
3.54999999999997 68.4097004101234 106.035035635691 -174.444736045815 3.42048502050617 
3.55999999999997 69.0937974142246 107.095385992048 -176.189183406273 3.45468987071123 
3.56999999999997 69.7847353883669 108.166339851969 -177.951075240336 3.48923676941835 
3.57999999999997 70.4825827422505 109.248003250488 -179.730585992739 3.52412913711253 
3.58999999999997 71.1874085696731 110.340483282993 -181.527891852667 3.55937042848365 
3.59999999999997 71.8992826553698 111.443888115823 -183.343170771193 3.59496413276849 
3.60999999999997 72.6182754819235 112.558326996982 -185.176602478905 3.63091377409618 
3.61999999999997 73.3444582367427 113.683910266951 -187.028368503694 3.66722291183714 
3.62999999999997 74.0779028191102 114.820749369621 -188.898652188731 3.70389514095551 
3.63999999999997 74.8186818473012 115.968956863317 -190.787638710618 3.74093409236506 
3.64999999999997 75.5668686657743 117.12864643195 -192.695515097725 3.77834343328871 
3.65999999999997 76.322537352432 118.29993289627 -194.622470248702 3.8161268676216 
3.66999999999997 77.0857627259563 119.482932225232 -196.568694951189 3.85428813629782 
3.67999999999997 77.8566203532159 120.677761547485 -198.534381900701 3.8928310176608 
3.68999999999997 78.6351865567481 121.88453916296 -200.519725719708 3.9317593278374 
3.69999999999997 79.4215384223155 123.103384554589 -202.524922976905 3.97107692111578 
3.70999999999996 80.2157538065387 124.334418400135 -204.550172206674 4.01078769032694 
3.71999999999996 81.0179113446041 125.577762584136 -206.595673928741 4.0508955672302 
3.72999999999996 81.8280904580501 126.833540209978 -208.661630668028 4.09140452290251 
3.73999999999996 82.6463713626306 128.101875612078 -210.748246974708 4.13231856813153 
3.74999999999996 83.4728350762569 129.382894368198 -212.855729444455 4.17364175381285 
3.75999999999996 84.3075634270195 130.67672331188 -214.9842867389 4.21537817135098 
3.76999999999996 85.1506390612897 131.983490544999 -217.134129606289 4.25753195306449 
3.77999999999996 86.0021454519026 133.303325450449 -219.305470902352 4.30010727259513 
3.78999999999996 86.8621669064216 134.636358704954 -221.498525611375 4.34310834532108 
3.79999999999996 87.7307885754858 135.982722292003 -223.713510867489 4.38653942877429 
3.80999999999996 88.6080964612407 137.342549514923 -225.950645976164 4.43040482306203 
3.81999999999996 89.4941774258531 138.715975010072 -228.210152435926 4.47470887129266 
3.82999999999996 90.3891192001116 140.103134760173 -230.492253960285 4.51945596000558 
3.83999999999996 91.2930103921127 141.504166107775 -232.797176499888 4.56465051960564 
3.84999999999996 92.2059404960339 142.919207768853 -235.125148264887 4.61029702480169 
3.85999999999996 93.1279999009942 144.348399846541 -237.476399747536 4.65639999504971 
3.86999999999996 94.0592799000041 145.791883845006 -239.851163745011 4.70296399500021 
3.87999999999996 94.9998726990042 147.249802683457 -242.249675382461 4.74999363495021 
3.88999999999996 95.9498714259942 148.722300710291 -244.672172136286 4.79749357129971 
3.89999999999996 96.9093701402542 150.209523717394 -247.118893857648 4.84546850701271 
3.90999999999996 97.8784638416567 151.711618954568 -249.590082796225 4.89392319208284 
3.91999999999996 98.8572484800733 153.228735144114 -252.085983624187 4.94286242400367 
3.92999999999996 99.845820964874 154.761022495555 -254.606843460429 4.9922910482437 
3.93999999999996 100.844279174523 156.30863272051 -257.152911895033 5.04221395872614 
3.94999999999996 101.852721966268 157.871719047715 -259.724441013984 5.0926360983134 
3.95999999999996 102.871249185931 159.450436238193 -262.321685424124 5.14356245929653 
3.96999999999996 103.89996167779 161.044940600574 -264.944902278365 5.1949980838895 
3.97999999999996 104.938961294568 162.65539000658 -267.594351301148 5.24694806472839 
3.98999999999996 105.988350907514 164.281943906646 -270.27029481416 5.29941754537568 
3.99999999999996 107.048234416589 165.924763345713 -272.972997762302 5.35241172082943 
4.00999999999996 108.118716760755 167.58401097917 -275.702727739925 5.40593583803773 
4.01999999999996 109.199903928362 169.259851088961 -278.459755017324 5.45999519641811 
4.02999999999996 110.291902967646 170.952449599851 -281.244352567497 5.51459514838229 
4.03999999999996 111.394821997322 172.661974095849 -284.056796093172 5.56974109986611 
4.04999999999996 112.508770217295 174.388593836808 -286.897364054104 5.62543851086477 
4.05999999999996 113.633857919468 176.132479775176 -289.766337694645 5.68169289597342 
4.06999999999996 114.770196498663 177.893804572928 -292.664001071591 5.73850982493315 
4.07999999999996 115.91789846365 179.672742618657 -295.590641082307 5.79589492318248 
4.08999999999996 117.077077448286 181.469470044844 -298.54654749313 5.85385387241431 
4.09999999999996 118.247848222769 183.284164745292 -301.532012968061 5.91239241113845 
4.10999999999996 119.430326704997 185.117006392745 -304.547333097742 5.97151633524984 
4.11999999999996 120.624629972047 186.968176456672 -307.592806428719 6.03123149860234 
4.12999999999996 121.830876271767 188.837858221239 -310.668734493007 6.09154381358836 
4.13999999999996 123.049185034485 190.726236803452 -313.775421837937 6.15245925172424 
4.14999999999996 124.27967688483 192.633499171486 -316.913176056316 6.21398384424149 
4.15999999999996 125.522473653678 194.559834163201 -320.082307816879 6.2761236826839 
4.16999999999996 126.777698390215 196.505432504833 -323.283130895048 6.33888491951074 
4.17999999999996 128.045475374117 198.470486829881 -326.515962203999 6.40227376870585 
4.18999999999996 129.325930127858 200.45519169818 -329.781121826039 6.46629650639291 
4.19999999999995 130.619189429137 202.459743615162 -333.078933044299 6.53095947145684 
4.20999999999995 131.925381323428 204.484341051313 -336.409722374742 6.5962690661714 
4.21999999999995 133.244635136662 206.529184461827 -339.773819598489 6.66223175683312 
4.22999999999995 134.577081488029 208.594476306445 -343.171557794474 6.72885407440145 
4.23999999999995 135.922852302909 210.680421069509 -346.603273372419 6.79614261514546 
4.24999999999995 137.282080825938 212.787225280204 -350.069306106143 6.86410404129692 
4.25999999999995 138.654901634198 214.915097533006 -353.569999167205 6.93274508170989 
4.26999999999995 140.04145065054 217.064248508337 -357.105699158877 7.00207253252699 
4.27999999999995 141.441865157045 219.23489099342 -360.676756150466 7.07209325785226 
4.28999999999995 142.856283808615 221.427239903354 -364.28352371197 7.14281419043078 
4.29999999999995 144.284846646702 223.641512302388 -367.92635894909 7.21424233233509 
4.30999999999995 145.727695113169 225.877927425411 -371.605622538581 7.28638475565844 
4.31999999999995 147.1849720643 228.136706699666 -375.321678763967 7.35924860321502 
4.32999999999995 148.656821784943 230.418073766662 -379.074895551606 7.43284108924717 
4.33999999999995 150.143390002793 232.722254504329 -382.865644507122 7.50716950013964 
4.34999999999995 151.644823902821 235.049477049372 -386.694300952193 7.58224119514104 
4.35999999999995 153.161272141849 237.399971819866 -390.561243961715 7.65806360709245 
4.36999999999995 154.692884863267 239.773971538065 -394.466856401333 7.73464424316338 
4.37999999999995 156.2398137119 242.171711253445 -398.411524965346 7.81199068559501 
4.38999999999995 157.802211849019 244.59342836598 -402.395640214999 7.89011059245096 
4.39999999999995 159.380233967509 247.039362649639 -406.419596617149 7.96901169837547 
4.40999999999995 160.974036307184 249.509756276136 -410.483792583321 8.04870181535922 
4.41999999999995 162.583776670256 252.004853838897 -414.588630509154 8.12918883351282 
4.42999999999995 164.209614436959 254.524902377286 -418.734516814246 8.21048072184795 
4.43999999999995 165.851710581328 257.070151401059 -422.921861982388 8.29258552906643 
4.44999999999995 167.510227687142 259.64085291507 -427.151080602212 8.37551138435709 
4.45999999999995 169.185329964013 262.23726144422 -431.422591408234 8.45926649820066 
4.46999999999995 170.877183263653 264.859634058663 -435.736817322316 8.54385916318267 
4.47999999999995 172.58595509629 267.508230399249 -440.09418549554 8.62929775481449 
4.48999999999995 174.311814647253 270.183312703242 -444.495127350495 8.71559073236264 
4.49999999999995 176.054932793725 272.885145830274 -448.940078624 8.80274663968627 
4.50999999999995 177.815482121662 275.613997288577 -453.42947941024 8.89077410608313 
4.51999999999995 179.593636942879 278.370137261463 -457.963774204342 8.97968184714396 
4.52999999999995 181.389573312308 281.153838634077 -462.543411946386 9.0694786656154 
4.53999999999995 183.203469045431 283.965377020418 -467.16884606585 9.16017345227155 
4.54999999999995 185.035503735885 286.805030790622 -471.840534526508 9.25177518679427 
4.55999999999995 186.885858773244 289.673081098528 -476.558939871773 9.34429293866221 
4.56999999999995 188.754717360976 292.569811909514 -481.324529270491 9.43773586804883 
4.57999999999995 190.642264534586 295.495510028609 -486.137774563196 9.53211322672932 
4.58999999999995 192.548687179932 298.450465128895 -490.999152308828 9.62743435899661 
4.59999999999995 194.474174051731 301.434969780184 -495.909143831916 9.72370870258658 
4.60999999999995 196.418915792249 304.449319477986 -500.868235270235 9.82094578961245 
4.61999999999995 198.383104950171 307.493812672766 -505.876917622938 9.91915524750857 
4.62999999999995 200.366935999673 310.568750799493 -510.935686799167 10.0183467999837 
4.63999999999995 202.37060535967 313.674438307488 -516.045043667159 10.1185302679835 
4.64999999999995 204.394311413266 316.811182690563 -521.20549410383 10.2197155706633 
4.65999999999995 206.438254527399 319.979294517469 -526.417549044868 10.32191272637 
4.66999999999994 208.502637072673 323.179087462644 -531.681724535317 10.4251318536337 
4.67999999999994 210.5876634434 326.41087833727 -536.99854178067 10.52938317217 
4.68999999999994 212.693540077834 329.674987120643 -542.368527198477 10.6346770038917 
4.69999999999994 214.820475478612 332.971736991849 -547.792212470462 10.7410237739306 
4.70999999999994 216.968680233398 336.301454361768 -553.270134595166 10.8484340116699 
4.71999999999994 219.138367035732 339.664468905385 -558.802835941118 10.9569183517866 
4.72999999999994 221.329750706089 343.061113594439 -564.390864300529 11.0664875353045 
4.73999999999994 223.54304821315 346.491724730384 -570.034772943534 11.1771524106575 
4.74999999999994 225.778478695282 349.956641977687 -575.73512067297 11.2889239347641 
4.75999999999994 228.036263482235 353.456208397464 -581.492471879699 11.4018131741117 
4.76999999999994 230.316626117057 356.990770481439 -587.307396598496 11.5158313058529 
4.77999999999994 232.619792378228 360.560678186253 -593.180470564481 11.6309896189114 
4.78999999999994 234.94599030201 364.166284968116 -599.112275270126 11.7472995151005 
4.79999999999994 237.29545020503 367.807947817797 -605.103398022827 11.8647725102515 
4.80999999999994 239.66840470708 371.486027295975 -611.154432003056 11.983420235354 
4.81999999999994 242.065088754151 375.200887568935 -617.265976323086 12.1032544377076 
4.82999999999994 244.485739641693 378.952896444624 -623.438636086317 12.2242869820846 
4.83999999999994 246.930597038109 382.74242540907 -629.67302244718 12.3465298519055 
4.84999999999994 249.399903008491 386.569849663161 -635.969752671652 12.4699951504245 
4.85999999999994 251.893902038575 390.435548159793 -642.329450198369 12.5946951019288 
4.86999999999994 254.412841058961 394.339903641391 -648.752744700352 12.7206420529481 
4.87999999999994 256.956969469551 398.283302677804 -655.240272147356 12.8478484734776 
4.88999999999994 259.526539164246 402.266135704582 -661.79267486883 12.9763269582123 
4.89999999999994 262.121804555889 406.288797061628 -668.410601617518 13.1060902277945 
4.90999999999994 264.743022601448 410.351685032245 -675.094707633693 13.2371511300724 
4.91999999999994 267.390452827462 414.455201882567 -681.84565471003 13.3695226413731 
4.92999999999994 270.064357355737 418.599753901393 -688.66411125713 13.5032178677869 
4.93999999999994 272.765000929294 422.785751440407 -695.550752369702 13.6382500464647 
4.94999999999994 275.492650938587 427.013608954811 -702.506259893399 13.7746325469294 
4.95999999999994 278.247577447973 431.283745044359 -709.531322492333 13.9123788723987 
4.96999999999994 281.030053222453 435.596582494802 -716.626635717256 14.0515026611227 
4.97999999999994 283.840353754677 439.95254831975 -723.792902074428 14.1920176877339 
4.98999999999994 286.678757292224 444.352073802948 -731.030831095173 14.3339378646112 
4.99999999999994 289.545544865146 448.795594540977 -738.341139406125 14.4772772432573 
