0 2 3.1 -5.1 0.1 
0.1 2.21033333333333 3.42601666666667 -5.63635 0.110516666666667 
0.2 2.44278672222222 3.78631941944444 -6.22910614166667 0.122139336111111 
0.3 2.69960973287037 4.18439508594907 -6.88400481881944 0.134980486643519 
0.4 2.98342725759645 4.6243122492745 -7.60773950687095 0.149171362879823 
0.5 3.29708563101231 5.11048272806909 -8.4075683590814 0.164854281550616 
0.6 3.64372048147975 5.64776674629361 -9.29148722777335 0.182186024073987 
0.7 4.02679829202824 6.24153735264377 -10.268335644672 0.201339914601412 
0.8 4.45015046842853 6.89773322606423 -11.3478836944928 0.222507523421427 
0.9 4.91801122266856 7.62291739513627 -12.5409286178048 0.245900561133428 
1 5.43505990672407 8.42434285542231 -13.8594027621464 0.271752995336204 
1.1 6.0064678286749 9.3100251344461 -15.316492963121 0.300323391433745 
1.2 6.63794997588557 10.2888224626226 -16.9267724385082 0.331897498794279 
1.3 7.33582217355382 11.3705243690084 -18.7063465425622 0.366791108677691 
1.4 8.10706425289501 12.5659495919873 -20.6730138448823 0.405353212644751 
1.5 8.95938986055461 13.8870542838597 -22.8464441444143 0.447969493027731 
1.6 9.90132360733965 15.3470515913765 -25.2483751987161 0.495066180366983 
1.7 10.9422863278764 16.9605438082085 -27.9028301360849 0.547114316393822 
1.8 12.0926893039306 18.7436684210924 -30.836357725023 0.604634465196529 
1.9 13.3640383937729 20.714259510348 -34.0782979041209 0.668201919688645 
2 14.7690491090501 22.8920261190277 -37.6610752280778 0.738452455452507 
2.1 16.3217737901121 25.2987493746738 -41.6205231647859 0.816088689505607 
2.2 18.0377421517508 27.9585003352138 -45.9962424869646 0.901887107587541 
2.3 19.9341166050319 30.8978807377994 -50.8319973428312 0.996705830251594 
2.4 22.0298639086842 34.1462890584605 -56.1761529671447 1.10149319543421 
2.5 24.345944866834 37.7362145435928 -62.0821594104268 1.2172972433417 
2.6 26.9055239703623 41.7035621540616 -68.6090861244239 1.34527619851812 
2.7 29.7342010786324 46.0880116718803 -75.8222127505126 1.48671005393162 
2.8 32.8602674587734 50.9334145610988 -83.7936820198722 1.64301337293867 
2.9 36.3149887433191 56.2882325521446 -92.6032212954636 1.81574943716595 
3 40.1329176362285 62.2060223361541 -102.338939972383 2.00664588181142 
3.1 44.3522394948453 68.7459712170102 -113.098210711855 2.21761197474226 
3.2 49.0151542441651 75.973489078456 -124.988643322621 2.45075771220826 
3.3 54.1682984431602 83.9608625868984 -138.129161030059 2.70841492215801 
3.4 59.8632117244958 92.7879781729686 -152.651189897464 2.99316058622479 
3.5 66.1568522727763 102.543121022803 -168.69997329558 3.30784261363882 
3.6 73.112166496924 113.323858070232 -186.436024567156 3.65560832484621 
3.7 80.7987185943183 125.238013821193 -206.036732415512 4.03993592971592 
3.8 89.2933863033385 138.404748770175 -227.698135073513 4.46466931516693 
3.9 98.6811298029411 152.955751194559 -251.6368809975 4.93405649014706 
4 109.05584144949 169.036554246709 -278.092395696198 5.45279207247448 
4.1 120.521284849555 186.807991516811 -307.329276366366 6.02606424247777 
4.2 133.192132660911 206.447805624412 -339.639938285322 6.65960663304554 
4.3 147.195113501373 228.152425927129 -375.347539428502 7.35975567506867 
4.4 162.670279436413 252.138933126441 -414.809212562854 8.13351397182067 
4.5 179.772406722414 278.647230419742 -458.419637142156 8.9886203361207 
4.6 198.672543815245 307.942442913631 -506.614986728876 9.93362719076228 
4.7 219.559722126696 340.317569296379 -559.877291423075 10.9779861063348 
4.8 242.642846639047 376.096412290524 -618.739258929571 12.1321423319524 
4.9 268.152785286941 415.636817194758 -683.789602481698 13.407639264347 
5 296.344678003677 459.334250905699 -755.678928909376 14.8172339001839 
5.1 327.500488526083 507.625757215429 -835.126245741512 16.3750244263042 
5.2 361.931824480048 560.994327944075 -922.926152424122 18.0965912240024 
5.3 399.983053952066 619.973733625703 -1019.95678757777 19.9991526976033 
5.4 442.034749717459 685.153862062062 -1127.18861177952 22.101737485873 
5.5 488.507495573032 757.1866181382 -1245.69411371123 24.4253747786516 
5.6 539.866092843538 836.792443907484 -1376.65853675102 26.9933046421769 
5.7 596.624209133706 924.767524157245 -1521.39173329095 29.8312104566853 
5.8 659.349515820738 1021.99174952214 -1681.34126534288 32.9674757910369 
5.9 728.669365670366 1129.43751678907 -1858.10688245943 36.4334682835183 
5.99999999999999 805.277067361658 1248.17945441057 -2053.45652177223 40.2638533680829 
6.09999999999999 889.938819675792 1379.40517049748 -2269.34399017327 44.4969409837896 
6.19999999999999 983.501374701696 1524.42713078763 -2507.92850548932 49.1750687350848 
6.29999999999999 1086.90050670282 1684.69578538937 -2771.59629209218 54.3450253351409 
6.39999999999999 1201.17037134712 1861.81407558804 -3062.98444693516 60.0585185673562 
6.49999999999999 1327.45384890752 2057.55346580665 -3385.00731471416 66.3726924453758 
6.59999999999999 1467.01397488112 2273.87166106574 -3740.88563594687 73.3506987440562 
6.69999999999999 1621.2465723518 2512.93218714529 -4134.17875949709 81.0623286175901 
6.79999999999999 1791.69421243956 2777.12602928132 -4568.82024172088 89.584710621978 
6.89999999999999 1980.06164246362 3069.09554581861 -5049.15718828222 99.0030821231808 
6.99999999999999 2188.23283612519 3391.76089599405 -5579.99373211924 109.41164180626 
7.09999999999999 2418.28983623902 3748.34924617048 -6166.6390824095 120.914491811951 
7.19999999999999 2672.53357847079 4142.42704662973 -6814.96062510051 133.62667892354 
7.29999999999999 2953.50690435104 4577.93570174411 -7531.44260609515 147.675345217552 
7.39999999999999 3264.01999373218 5059.23099028488 -8323.25098401704 163.200999686609 
7.49999999999999 3607.17847105365 5591.12663013317 -9198.30510118681 180.358923552683 
7.59999999999999 3986.41446652261 6178.94242311005 -10165.3568896326 199.32072332613 
7.69999999999999 4405.52094287113 6828.55746145025 -11234.0784043214 220.276047143556 
7.79999999999999 4868.68963101231 7546.46892806909 -12415.1585590814 243.434481550616 
7.89999999999999 5380.55295401197 8339.85707871855 -13720.4100327305 269.027647700598 
7.99999999999999 5946.23035868225 9216.65705595749 -15162.8874146397 297.311517934112 
8.09999999999999 6571.37951818693 10185.6382531897 -16757.0177713767 328.568975909347 
8.19999999999999 7262.25291776562 11256.4920225367 -18518.7449403023 363.112645888281 
8.29999999999999 8025.76038952421 12439.9286037625 -20465.6889932867 401.28801947621 
8.39999999999999 8869.53822173872 13747.784243695 -22617.3224654337 443.476911086936 
8.49999999999999 9802.02553387565 15193.1395775073 -24995.1651113829 490.101276693782 
8.59999999999999 10832.5486812002 16790.4504558602 -27622.9991370604 541.627434060008 
8.69999999999999 11971.4145331525 18555.6925263865 -30527.107059539 598.570726657627 
8.79999999999998 13230.0135584249 20506.5210155586 -33736.5345739835 661.500677921246 
8.89999999999998 14620.9337477527 22662.4473090167 -37283.3810567693 731.046687387635 
8.99999999999998 16158.08651383 25045.0340964365 -41203.1206102665 807.904325691499 
9.09999999999998 17856.8458275481 27678.1110326995 -45534.9568602476 892.842291377404 
9.19999999999998 19734.2019821405 30588.0130723178 -50322.2150544583 986.710099107025 
9.29999999999998 21808.9315231206 33803.8438608369 -55612.7753839575 1090.44657615603 
9.39999999999998 24101.7850435811 37357.7668175508 -61459.5518611319 1205.08925217906 
9.49999999999998 26635.6947231073 41285.3268208163 -67921.0215439236 1331.78473615537 
9.59999999999998 29436.0036860221 45625.8057133343 -75061.8093993563 1471.8001843011 
9.69999999999998 32530.7194729112 50422.6151830124 -82953.3346559236 1626.53597364556 
9.79999999999998 35950.7941605457 55723.7309488459 -91674.5251093916 1797.53970802729 
9.89999999999998 39730.4339318464 61582.172594362 -101312.606526208 1986.52169659232 
9.99999999999998 43907.4411920822 68056.5338477274 -111963.97503981 2195.37205960411 
10.1 48523.5926530078 75211.5686121622 -123735.16126517 2426.17963265039 
10.2 53625.0571663836 83118.8386078947 -136743.895774278 2681.25285831918 
10.3 59262.8574858762 91857.4291031082 -151120.286588984 2963.14287429381 
10.4 65493.3805756933 101514.739892325 -167008.120468018 3274.66902878467 
10.5 72378.9415698504 112187.359433268 -184566.301003118 3618.94707849252 
10.6 79988.4070225574 123982.030884964 -203970.437907521 3999.42035112787 
10.7 88397.8836832214 137016.719708993 -225414.603392215 4419.89418416107 
10.8 97691.4796849083 151421.793511608 -249113.273196516 4884.57398424542 
10.9 107962.145759359 167341.325927007 -275303.471686367 5398.10728796797 
11 119312.60489205 184934.537582677 -304247.142474727 5965.63024460249 
11.1 131856.379715316 204377.38855874 -336233.768274056 6592.8189857658 
11.2 145718.927915118 225864.338268433 -371583.266183551 7285.94639575591 
11.3 161038.897007309 249610.290361329 -410649.187368638 8051.94485036546 
11.4 177969.511033166 275852.742101407 -453822.253134572 8898.47555165829 
11.5 196680.103043345 304854.159717184 -501534.262760528 9834.00515216723 
11.6 217357.808697535 336904.603481179 -554262.412178713 10867.8904348767 
11.7 240209.437918498 372324.628773672 -612534.06669217 12010.4718959249 
11.8 265463.543320012 411468.492146018 -676932.03546603 13273.1771660006 
11.9 293372.706096278 454727.694449231 -748100.400545509 14668.6353048139 
12 324216.062235334 502534.896464768 -826750.958700101 16210.8031117667 
12.1 358302.094322603 555368.246200035 -913670.340522637 17915.1047161302 
12.2 395971.716857069 613756.161128457 -1009727.87798553 19798.5858428534 
12.3 437601.685938132 678282.613204105 -1115884.29914224 21880.0842969066 
12.4 483608.36742544 749592.969509433 -1233201.33693487 24180.418371272 
12.5 534451.901259277 828400.446951879 -1362852.34821115 26722.5950629638 
12.6 590640.803591335 915493.245566569 -1506134.0491579 29532.0401795667 
12.7 652737.052754497 1011742.43176947 -1664479.48452397 32636.8526377248 
12.8 721361.709939401 1118110.65040607 -1839472.36034547 36068.08549697 
12.9 797201.130793492 1235661.75272991 -2032862.8835234 39860.0565396746 
13 881013.830068429 1365571.43660606 -2246585.26667449 44050.6915034214 
13.1 973638.06797322 1509139.00535849 -2482777.07333171 48681.903398661 
13.2 1076000.23410869 1667800.36286847 -2743800.59697716 53800.0117054346 
13.3 1189124.11283595 1843142.37489572 -3032266.48773166 59456.2056417973 
13.4 1314141.12274723 2036918.7402582 -3351059.86300543 65707.0561373614 
13.5 1452301.63265018 2251067.53060778 -3703369.16325797 72615.0816325092 
13.6 1604987.46724334 2487730.57422717 -4092718.04147051 80249.3733621668 
13.7 1773725.72755942 2749274.8777171 -4523000.60527652 88686.2863779709 
13.8 1960204.06440295 3038316.29982458 -4998520.36422753 98010.2032201477 
13.9 2166287.55754074 3357745.71418814 -5524033.27172888 108314.377877037 
14 2394037.36946396 3710757.92266914 -6104795.29213309 119701.868473198 
14.1 2645731.36028924 4100883.60844833 -6746614.96873757 132286.568014462 
14.2 2923886.86998035 4532024.64846954 -7455911.51844989 146194.343499017 
14.3 3231285.89574902 5008493.13841098 -8239779.03415999 161564.294787451 
14.4 3571002.91644892 5535054.52049582 -9106057.43694474 178550.145822446 
14.5 3946435.64225094 6116975.24548895 -10063410.8877399 197321.782112547 
14.6 4361338.99714539 6760075.44557535 -11121414.4427207 218066.949857269 
14.7 4819862.67415017 7470787.14493276 -12290649.8190829 240993.133707508 
14.8 5326592.63883669 8256218.59019686 -13582811.2290336 266329.631941834 
14.9 5886596.99627476 9124225.34422587 -15010822.3405006 294329.849813738 
15 6505476.68013878 10083488.8542151 -16588965.5343539 325273.834006939 
15.1 7189421.47094694 11143603.2799678 -18333024.7509147 359471.073547347 
15.2 7945271.90370472 12315171.4507423 -20260443.354447 397263.595185236 
15.3 8780587.68412765 13609910.9103978 -22390498.5945255 439029.384206382 
15.4 9703723.29771427 15040771.1114571 -24744494.4091714 485186.164885713 
15.5 10723911.5678802 16622062.9302143 -27345974.4980945 536195.578394009 
15.6 11851355.9988673 18369601.7982443 -30220957.7971116 592567.799943364 
15.7 13097332.8270043 20300865.8818566 -33398198.7088609 654866.641350213 
15.8 14474303.8009928 22435170.8915388 -36909474.6925316 723715.190049639 
15.9 15996040.819202 24793863.2697631 -40789904.088965 799802.040960098 
16 17677763.6705418 27400533.6893398 -45078297.3598816 883888.18352709 
16.1 19536292.2565434 30281252.9976423 -49817545.2541858 976814.612827171 
16.2 21590214.8171088 33464832.9665186 -55055047.7836274 1079510.74085544 
16.3 23860073.8424547 36983114.4558048 -60843188.2982596 1193003.69212274 
16.4 26368571.5306667 40871285.8725334 -67239857.4032001 1318428.57653333 
16.5 29140796.8457634 45168235.1109332 -74309031.9566966 1457039.84228817 
16.6 32204476.4472148 49916938.4931829 -82121414.9403976 1610223.82236074 
16.7 35590252.0006069 55164890.6009407 -90755142.6015476 1779512.60003034 
16.8 39331986.6430014 60964579.2966522 -100296565.939654 1966599.33215007 
16.9 43467103.6681297 67374010.685601 -110841114.353731 2173355.18340648 
17 48036960.818813 74457289.2691602 -122494250.087973 2401848.04094065 
17.1 53087263.9301266 82285259.0916962 -135372523.021823 2654363.19650633 
17.2 58668524.0603979 90936212.2936167 -149604736.354015 2933426.20301989 
17.3 64836562.6820745 100496672.157215 -165333234.83929 3241828.13410372 
17.4 71653069.9851743 111062258.47702 -182715328.462194 3582653.49925871 
17.5 79186221.8772393 122738643.909721 -201924865.78696 3959311.09386196 
17.6 87511361.8507734 135642610.868699 -223153972.719472 4375568.09253867 
17.7 96711754.537922 149903219.533779 -246614974.071701 4835587.72689609 
17.8 106879418.489139 165663098.658165 -272542517.147304 5343970.92445694 
17.9 118116046.50495 183079872.082672 -301195918.587622 5905802.32524748 
18 130534022.725593 202327735.22467 -332861757.950263 6526701.13627966 
18.1 144257546.651053 223599197.309132 -367856743.960185 7212877.33255264 
18.2 159423875.333465 247107006.766871 -406530882.100336 7971193.76667325 
18.3 176184696.165805 273086279.056998 -449270975.222804 8809234.80829026 
18.4 194707643.996917 301796848.195221 -496504492.192137 9735382.19984582 
18.5 215177977.746446 333525865.506991 -548703843.253437 10758898.8873223 
18.6 237800433.288501 368590671.597176 -606391104.885678 11890021.664425 
18.7 262801271.135809 407341970.260504 -670143241.396313 13140063.5567904 
18.8 290430539.404474 450167336.076935 -740597875.48141 14521526.9702237 
18.9 320964574.692578 497495090.773496 -818459665.466074 16048228.7346289 
19 354708765.885385 549798587.122346 -904507353.00773 17735438.2942692 
19.1 392000608.529593 607600943.220868 -999601551.750461 19600030.4264796 
19.2 433213080.325237 671480274.504118 -1104693354.82936 21660654.0162618 
19.3 478758371.49552 742075475.818055 -1220833847.31358 23937918.574776 
19.4 529092007.344196 820092611.383503 -1349184618.7277 26454600.3672098 
19.5 584717404.232649 906311976.560606 -1491029380.79325 29235870.2116324 
19.6 646190904.543661 1001595902.04267 -1647786806.58633 32309545.227183 
19.7 714127340.989517 1106897378.53375 -1821024719.52327 35706367.0494758 
19.8 789206185.91638 1223269588.17039 -2012475774.08677 39460309.295819 
19.9 872178347.107737 1351876438.01699 -2224054785.12473 43608917.3553868 
20 963873678.055765 1494004200.98644 -2457877879.0422 48193683.9027882 
20.1 1065209277.81527 1651074380.61367 -2716283658.42894 53260463.8907635 
20.2 1177198663.45192 1824657928.35047 -3001856591.80239 58859933.1725959 
20.3 1300961906.82382 2016490955.57693 -3317452862.40075 65048095.3411911 
20.4 1437736837.08044 2228492097.47468 -3666228934.55511 71886841.8540218 
20.5 1588891420.92151 2462781702.42834 -4051673123.34984 79444571.0460753 
20.6 1755937444.4384 2721703038.87952 -4477640483.31791 87796872.2219198 
20.7 1940545633.37791 3007845731.73576 -4948391365.11366 97027281.6688953 
20.8 2144562363.05528 3324071662.73569 -5468634025.79097 107228118.152764 
20.9 2370028125.04209 3673543593.81524 -6043571718.85733 118501406.252104 
21 2619197935.3252 4059756799.75406 -6678954735.07926 130959896.76626 
21.1 2894563888.05089 4486574026.47888 -7381137914.52976 144728194.402544 
21.2 3198880080.42737 4958264124.66242 -8157144205.08979 159944004.021368 
21.3 3535190158.07438 5479544745.01529 -9014734903.08967 176759507.903719 
21.4 3906857756.31711 6055629522.29151 -9962487278.60862 195342887.815855 
21.5 4317600141.88578 6692280219.92295 -11009880361.8087 215880007.094289 
21.6 4771525391.49137 7395864356.81162 -12167389748.303 238576269.574568 
21.7 5273173479.12232 8173418892.6396 -13446592371.7619 263658673.956116 
21.8 5827561683.00049 9032720608.65076 -14860282291.6513 291378084.150024 
21.9 6440234766.33808 9982363887.82403 -16422598654.1621 322011738.316904 
22 7117320433.78291 11031846672.3635 -18149167106.1464 355866021.689145 
22.1 7865590618.20458 12191665458.2171 -20057256076.4217 393279530.910229 
22.2 8692529210.78683 13473420276.7196 -22165949487.5064 434626460.539341 
22.3 9606406911.83464 14889930713.3437 -24496337625.1783 480320345.591732 
22.4 10616363950.9232 16455364123.931 -27071728074.8542 530818197.546161 
22.5 11732501503.7217 18185377330.7686 -29917878834.4903 586625075.186084 
22.6000000000001 12965982719.805 20097273215.6978 -33063255935.5028 648299135.99025 
22.7000000000001 14329144371.8932 22210173776.4345 -36539318148.3277 716457218.59466 
22.8000000000001 15835620243.1872 24545211376.9401 -40380831620.1272 791781012.159357 
22.9000000000001 17500477486.8708 27125740104.6498 -44626217591.5206 875023874.34354 
23.0000000000001 19340367321.5916 29977569348.467 -49317936670.0587 967018366.079581 
23.1000000000001 21373691570.1134 33129221933.6758 -54502913503.7892 1068684578.50567 
23.2000000000001 23620786706.7925 36612219395.5284 -60233006102.3209 1181039335.33963 
23.3000000000001 26104127254.6456 40461397244.7007 -66565524499.3464 1305206362.73228 
23.4000000000001 28848550566.3018 44715253377.7677 -73563803944.0695 1442427528.31509 
23.5000000000001 31881505237.0065 49416333117.3601 -81297838354.3667 1594075261.85033 
23.6000000000001 35233325634.2028 54611654733.0143 -89844980367.2171 1761666281.71014 
23.7000000000001 38937535289.42 60353179698.601 -99290714988.0211 1946876764.471 
23.8000000000001 43031182186.8738 66698332389.6543 -109729514576.528 2151559109.34369 
23.9000000000001 47555209302.1937 73710574418.4002 -121265783720.594 2377760465.10968 
24.0000000000001 52554864097.2568 81460039350.748 -134014903448.005 2627743204.86284 
24.1000000000001 58080151066.725 90024234153.4237 -148104385220.149 2904007553.33624 
24.2000000000001 64186331862.4711 99488814386.8301 -163675146249.301 3209316593.12355 
24.3000000000001 70934477997.9337 109948440896.797 -180882918894.731 3546723899.89668 
24.4000000000001 78392081660.3218 121507726573.499 -199899808233.82 3919604083.01608 
24.5000000000001 86633730739.7619 134282282646.631 -220916013386.393 4331686536.98809 
24.6000000000001 95741854826.7539 148399874981.469 -244141729808.223 4787092741.33769 
24.7000000000001 105807549639.094 164001701940.595 -269809251579.689 5290377481.95467 
24.8000000000001 116931488123.843 181243806591.956 -298175294715.799 5846574406.19213 
24.9000000000001 129224927346.815 200298637387.563 -329523564734.378 6461246367.34074 
25.0000000000001 142810821240.071 221356772922.11 -364167594162.181 7140541062.00354 
25.1000000000001 157825050336.669 244628828021.837 -402453878358.507 7891252516.83346 
25.2000000000001 174417780791.972 270347560227.557 -444765341019.529 8720889039.59859 
25.3000000000001 192754966283.88 298770197740.015 -491525164023.895 9637748314.19401 
25.4000000000001 213020007813.389 330181012110.753 -543201019924.142 10651000390.6694 
25.5000000000001 235415588006.104 364894161409.46 -600309749415.564 11770779400.3052 
25.6000000000001 260165698260.65 403256832304.007 -663422530564.657 13008284913.0325 
25.7000000000001 287517879018.685 445652712478.962 -733170591497.647 14375893950.9342 
25.8000000000001 317745695562.767 492505828122.289 -810251523685.057 15887284778.1384 
25.9000000000001 351151474104 544284784861.2 -895436258965.201 17557573705.2 
26.0000000000001 388069325524.677 601507454563.248 -989576780087.925 19403466276.2338 
26.1000000000001 428868487018.155 664746154878.14 -1093614641896.29 21443424350.9077 
26.2000000000001 473957015047.678 734633373323.9 -1208590388371.58 23697850752.3839 
26.3000000000001 523785866559.59 811868093167.364 -1335653959726.95 26189293327.9795 
26.4000000000001 578853409269.578 897222784367.845 -1476076193637.42 28942670463.4788 
26.5000000000001 639710406131.954 991551129504.529 -1631261535636.48 31985520306.5977 
26.6000000000001 706965523844.618 1095796561959.16 -1802762085803.78 35348276192.2309 
26.7000000000001 781291420483.475 1211001701749.39 -1992293122232.86 39064571024.1737 
26.8000000000001 863431473152.357 1338318783386.15 -2201750256538.51 43171573657.6178 
26.9000000000001 954207212935.621 1479021180050.21 -2433228392985.83 47710360646.781 
27.0000000000001 1054526541514.78 1634516139347.91 -2689042680862.69 52726327075.7389 
27.1000000000001 1165392811628.38 1806358858023.98 -2971751669652.36 58269640581.4188 
27.2000000000001 1287914862194.16 1996268036400.95 -3284182898595.12 64395743109.7081 
27.3000000000001 1423318108460.71 2206143068114.1 -3629461176574.81 71165905423.0354 
27.4000000000001 1572956798107.64 2438083037066.84 -4011039835174.48 78647839905.3819 
27.5000000000001 1738327555874.93 2694407711606.15 -4432735267481.08 86916377793.7466 
27.6000000000001 1921084352189.14 2977680745893.17 -4898765098082.31 96054217609.4569 
27.7000000000001 2123055045496.55 3290735320519.66 -5413790366016.21 106152752274.828 
27.8000000000001 2346259663752.96 3636702478817.09 -5982962142570.05 117312983187.648 
27.9000000000001 2592930607913.95 4019042442266.63 -6611973050180.58 129646530395.698 
28.0000000000001 2865534979492.75 4441579218213.77 -7307114197706.53 143276748974.638 
28.1000000000001 3166799255496.71 4908538846019.91 -8075338101516.62 158339962774.836 
28.2000000000001 3499736557530.96 5424591664172.99 -8924328221703.96 174986827876.548 
28.3000000000001 3867676787803.7 5994899021095.74 -9862575808899.44 193383839390.185 
28.4000000000001 4274299933440.98 6625164896833.52 -10899464830274.5 213714996672.049 
28.5000000000001 4723672872207.13 7321692951921.05 -12045365824128.2 236183643610.356 
28.6000000000001 5220290047746.52 8091449574007.11 -13311739621753.6 261014502387.326 
28.7000000000001 5769118421163.69 8942133552803.72 -14711251973967.4 288455921058.184 
28.8000000000001 6375647148529.16 9882253080220.2 -16257900228749.4 318782357426.458 
28.9000000000001 7045942481164.86 10921210845805.5 -17967153326970.4 352297124058.243 
29.0000000000001 7786708437799.39 12069398078589.1 -19856106516388.5 389335421889.97 
29.1000000000001 8605353855411.01 13338298475887.1 -21943652331298.1 430267692770.55 
29.2000000000001 9510066489373.4 14740603058528.8 -24250669547902.2 475503324468.67 
29.3000000000001 10509894904023.5 16290337101236.4 -26800232005259.9 525494745201.174 
29.4000000000001 11614838972687 18003000407664.8 -29617839380351.8 580741948634.349 
29.5000000000001 12835949892306.1 19895722333074.4 -32731672225380.5 641797494615.304 
29.6000000000002 14185440712974.1 21987433105109.9 -36172873818084.1 709272035648.706 
29.7000000000002 15676808487848.7 24299053156165.4 -39975861644014.1 783840424392.432 
29.8000000000002 17324969265135.8 26853702360960.6 -44178671626096.4 866248463256.792 
29.9000000000002 19146407272281 29676931272035.5 -48823338544316.5 957320363614.049 
30.0000000000002 21159339784443.8 32796976665887.8 -53956316450331.6 1057966989222.19 
30.1000000000002 23383899326205.3 36245043955618.3 -59628943281823.6 1169194966310.27 
30.2000000000002 25842335028813.9 40055619294661.6 -65897954323475.5 1292116751440.7 
30.3000000000002 28559235156861 44266814493134.6 -72826049649995.6 1427961757843.05 
30.4000000000002 31561773030009.4 48920748196514.6 -80482521226524 1578088651500.47 
30.5000000000002 34879978799380.3 54063967139039.5 -88943945938419.9 1743998939969.02 
30.6000000000002 38547039796796.2 59747911685034.1 -98294951481830.3 1927351989839.81 
30.7000000000002 42599632460848.5 66029430314315.1 -108629062775164 2129981623042.42 
30.8000000000002 47078289159579.1 72971348197347.6 -120049637356927 2353914457978.95 
30.9000000000002 52027803578585.1 80643095546807 -132670899125392 2601390178929.26 
31.0000000000002 57497678729072.1 89121402030061.8 -146619080759134 2874883936453.6 
31.1000000000002 63542622056648.7 98491064187805.5 -162033686244454 3177131102832.43 
31.2000000000002 70223092602737.8 108845793534244 -179068886136982 3511154630136.89 
31.3000000000002 77605905691087.4 120289153821185 -197895059512273 3880295284554.37 
31.4000000000002 85764901187207.8 132935596840172 -218700498027380 4288245059360.39 
31.5000000000002 94781682014391.7 146911607122307 -241693289136699 4739084100719.58 
31.6000000000002 104746430312651 162356966984609 -267103397297260 5237321515632.55 
31.7000000000002 115758809403457 179426154575359 -295184963978816 5787940470172.86 
31.8000000000002 127928960581366 198289888901117 -326218849482484 6396448029068.3 
31.9000000000002 141378604702027 219136837288143 -360515441990170 7068930235101.37 
32.0000000000002 156242259584211 242175502355527 -398417761939739 7812112979210.56 
32.1000000000002 172668585401805 267636307372798 -440304892774603 8633429270090.25 
32.2000000000002 190821871521841 295773900858853 -486595772380694 9541093576092.03 
32.3000000000002 210883679659295 326869703471907 -537753383131202 10544183982964.7 
32.4000000000002 233054659782823 361234722663375 -594289382446198 11652732989141.1 
32.5000000000002 257556556933368 399212663246720 -656769220180088 12877827846668.4 
32.6000000000002 284634429027024 441183364991888 -725817794018912 14231721451351.2 
32.7000000000002 314559097823706 487566601626744 -802125699450450 15727954891185.3 
32.8000000000002 347629857575203 538826279241565 -886456136816769 17381492878760.2 
32.9000000000002 384177468443416 595475076087294 -979652544530711 19208873422170.8 
33.0000000000002 424567464627698 658079570172932 -1.08264703480063e+15 21228373231384.9 
33.1000000000002 469203810287851 727265905946170 -1.19646971623402e+15 23460190514392.6 
33.2000000000002 518532939827805 803726056733098 -1.3222589965609e+15 25926646991390.3 
33.3000000000002 573048222949242 888224745571325 -1.46127296852057e+15 28652411147462.1 
33.4000000000002 633294899132800 981607093655840 -1.61490199278864e+15 31664744956640 
33.5000000000002 699875530899512 1.08480707289424e+15 -1.78468260379376e+15 34993776544975.6 
33.6000000000002 773456030393764 1.19885684711034e+15 -1.9723128775041e+15 38672801519688.2 
33.7000000000002 854772319563167 1.32489709532291e+15 -2.17966941488608e+15 42738615978158.4 
33.8000000000002 944637690547752 1.46418842034902e+15 -2.40882611089677e+15 47231884527387.6 
33.9000000000002 1.04395093989406e+15 1.61812395683579e+15 -2.66207489672984e+15 52197546994702.8 
34.0000000000002 1.15370535794918e+15 1.78824330482123e+15 -2.94194866277042e+15 57685267897459.1 
34.1000000000002 1.27499866334306e+15 1.97624792818174e+15 -3.2512465915248e+15 63749933167152.8 
34.2000000000002 1.4090439819195e+15 2.18401817197523e+15 -3.59306215389474e+15 70452199095975.2 
34.3000000000002 1.55718197992288e+15 2.41363206888047e+15 -3.97081404880336e+15 77859098996144.2 
34.4000000000002 1.72089427279146e+15 2.66738612282677e+15 -4.38828039561824e+15 86044713639573.2 
34.5000000000002 1.90181824366676e+15 2.94781827768347e+15 -4.84963652135023e+15 95090912183337.8 
34.6000000000002 2.10176341982748e+15 3.25773330073259e+15 -5.35949672056007e+15 105088170991374 
34.7000000000002 2.32272957083848e+15 3.60023083479965e+15 -5.92296040563814e+15 116136478541924 
34.8000000000002 2.56692670942498e+15 3.97873639960872e+15 -6.5456631090337e+15 128346335471249 
34.9000000000002 2.83679719511245e+15 4.3970356524243e+15 -7.23383284753675e+15 141839859755622 
35.0000000000002 3.13504016170394e+15 4.85931225064111e+15 -7.99435241234505e+15 156752008085197 
35.1000000000002 3.46463851290824e+15 5.37018969500778e+15 -8.83482820791602e+15 173231925645412 
35.2000000000002 3.82888875611815e+15 5.93477757198313e+15 -9.76366632810129e+15 191444437805908 
35.3000000000002 4.23143397272403e+15 6.55872265772224e+15 -1.07901566304463e+16 211571698636201 
35.4000000000002 4.67630025471822e+15 7.24826539481325e+15 -1.19245656495315e+16 233815012735911 
35.5000000000002 5.16793697201427e+15 8.01030230662212e+15 -1.31782392786364e+16 258396848600713 
35.6000000000002 5.71126127321807e+15 8.85245497348802e+15 -1.45637162467061e+16 285563063660904 
35.7000000000002 6.31170726492956e+15 9.78314626064082e+15 -1.60948535255704e+16 315585363246478 
35.8000000000002 6.97528036144591e+15 1.08116845602412e+16 -1.77869649216871e+16 348764018072296 
35.9000000000002 7.70861734844985e+15 1.19483568900973e+16 -1.96569742385471e+16 385430867422493 
36.0000000000002 8.51905276141535e+15 1.32045317801938e+16 -2.17235845416092e+16 425952638070768 
36.1000000000002 9.41469224262023e+15 1.45927729760614e+16 -2.40074652186816e+16 470734612131012 
36.2000000000002 1.04044936104525e+16 1.61269650962013e+16 -2.65314587066538e+16 520224680522624 
36.3000000000002 1.14983564518321e+16 1.78224525003398e+16 -2.9320808952172e+16 574917822591607 
36.4000000000002 1.27072211338155e+16 1.9696192757414e+16 -3.24034138912295e+16 635361056690774 
36.5000000000002 1.40431782246547e+16 2.17669262482148e+16 -3.58101044728695e+16 702158911232734 
36.6000000000003 1.55195894186978e+16 2.40553635989816e+16 -3.95749530176793e+16 775979470934888 
36.7000000000003 1.71512211745699e+16 2.65843928205833e+16 -4.37356139951532e+16 857561058728493 
36.8000000000003 1.895439240323e+16 2.93793082250065e+16 -4.83337006282365e+16 947719620161500 
36.9000000000003 2.09471376830188e+16 3.24680634086792e+16 -5.34152010916981e+16 1.04735688415094e+15 
37.0000000000003 2.31493876341072e+16 3.58815508328662e+16 -5.90309384669734e+16 1.15746938170536e+15 
37.1000000000003 2.55831682563765e+16 3.96539107973836e+16 -6.52370790537601e+16 1.27915841281882e+15 
37.2000000000003 2.82728212244268e+16 4.38228728978615e+16 -7.20956941222884e+16 1.41364106122134e+15 
37.3000000000003 3.12452473430128e+16 4.843013338167e+16 -7.96753807246829e+16 1.56226236715064e+15 
37.4000000000003 3.45301755978491e+16 5.35217721766661e+16 -8.80519477745153e+16 1.72650877989246e+15 
37.5000000000003 3.81604604927196e+16 5.91487137637154e+16 -9.7309174256435e+16 1.90802302463598e+15 
37.6000000000003 4.21724106467365e+16 6.53672365024416e+16 -1.07539647149178e+17 2.10862053233682e+15 
37.7000000000003 4.66061519382421e+16 7.22395355042753e+16 -1.18845687442517e+17 2.3303075969121e+15 
37.8000000000003 5.15060288273702e+16 7.9834344682424e+16 -1.31340373509794e+17 2.57530144136851e+15 
37.9000000000003 5.69210478711313e+16 8.82276242002536e+16 -1.45148672071385e+17 2.84605239355657e+15 
38.0000000000003 6.29053678668755e+16 9.75033201936571e+16 -1.60408688060533e+17 3.14526839334378e+15 
38.1000000000003 6.95188415263496e+16 1.07754204365842e+17 -1.77273045892192e+17 3.47594207631748e+15 
38.2000000000003 7.6827614097947e+16 1.19082801851818e+17 -1.95910415949765e+17 3.84138070489735e+15 
38.3000000000003 8.49047849243267e+16 1.31602416632706e+17 -2.16507201557033e+17 4.24523924621634e+15 
38.4000000000003 9.38311385520276e+16 1.45438264755643e+17 -2.39269403307671e+17 4.69155692760138e+15 
38.5000000000003 1.03695952705337e+17 1.60728726693273e+17 -2.6442467939861e+17 5.18479763526686e+15 
38.6000000000003 1.14597891205437e+17 1.77626731368427e+17 -2.92224622573864e+17 5.72989456027184e+15 
38.7000000000003 1.26645990765435e+17 1.96301285686424e+17 -3.2294727645186e+17 6.33229953827175e+15 
38.8000000000003 1.39960751530807e+17 2.16939164872752e+17 -3.56899916403559e+17 6.99803757654037e+15 
38.9000000000003 1.54675342272381e+17 2.3974678052219e+17 -3.94422122794571e+17 7.73376711361904e+15 
39.0000000000003 1.70936932285706e+17 2.64952245042844e+17 -4.35889177328551e+17 8.54684661428529e+15 
39.1000000000003 1.88908163317932e+17 2.92807653142795e+17 -4.81715816460728e+17 9.44540816589662e+15 
39.2000000000003 2.08768776243791e+17 3.23591603177876e+17 -5.32360379421668e+17 1.04384388121896e+16 
39.3000000000003 2.30717408760031e+17 3.57611983578049e+17 -5.8832939233808e+17 1.15358704380016e+16 
39.4000000000003 2.54973582078112e+17 3.95209052221074e+17 -6.50182634299187e+17 1.27486791039056e+16 
39.5000000000003 2.81779896485237e+17 4.36758839552118e+17 -7.18538736037357e+17 1.40889948242619e+16 
39.6000000000003 3.11404457732828e+17 4.82676909485883e+17 -7.94081367218712e+17 1.55702228866414e+16 
39.7000000000003 3.44143558520176e+17 5.33422515706273e+17 -8.7756607422645e+17 1.72071779260088e+16 
39.8000000000003 3.80324641892384e+17 5.89503194933196e+17 -9.69827836825581e+17 1.90162320946192e+16 
39.9000000000003 4.20309576191269e+17 6.51479843096467e+17 -1.07178941928774e+18 2.10154788095635e+16 
40.0000000000003 4.64498274313951e+17 7.19972325186626e+17 -1.18447059950058e+18 2.32249137156976e+16 
40.1000000000003 5.13332693477472e+17 7.95665674890083e+17 -1.30899836836756e+18 2.56666346738736e+16 
40.2000000000003 5.6730125549343e+17 8.79316946014818e+17 -1.44661820150825e+18 2.83650627746715e+16 
40.3000000000003 6.26943731762423e+17 9.71762784231757e+17 -1.59870651599418e+18 3.13471865881212e+16 
40.4000000000003 6.92856641845991e+17 1.07392779486129e+18 -1.76678443670728e+18 3.46428320922996e+16 
40.5000000000003 7.65699219610376e+17 1.18683379039608e+18 -1.95253301000646e+18 3.82849609805188e+16 
40.6000000000003 8.46200006613001e+17 1.31161001025015e+18 -2.15781001686315e+18 4.23100003306501e+16 
40.7000000000003 9.35164138676025e+17 1.44950441494784e+18 -2.38466855362387e+18 4.67582069338013e+16 
40.8000000000003 1.0334813985243e+18 1.60189616771266e+18 -2.63537756623696e+18 5.16740699262148e+16 
40.9000000000003 1.14213511502686e+18 1.77030942829163e+18 -2.91244454331849e+18 5.71067557513429e+16 
41.0000000000003 1.2622119980486e+18 1.95642859697533e+18 -3.21864059502393e+18 6.311059990243e+16 
41.1000000000003 1.39491300727618e+18 2.16211516127808e+18 -3.55702816855426e+18 6.9745650363809e+16 
41.2000000000003 1.54156536372375e+18 2.38942631377182e+18 -3.93099167749558e+18 7.70782681861877e+16 
41.3000000000003 1.70363582405267e+18 2.64063552728165e+18 -4.34427135133432e+18 8.51817912026337e+16 
41.4000000000003 1.88274535046944e+18 2.91825529322764e+18 -4.80100064369709e+18 9.41372675234722e+16 
41.5000000000003 2.08068532292422e+18 3.22506225053254e+18 -5.30574757345677e+18 1.04034266146211e+17 
41.6000000000003 2.29943545575763e+18 3.56412495642433e+18 -5.86356041218197e+18 1.14971772787882e+17 
41.7000000000003 2.54118359799084e+18 3.93883457688581e+18 -6.48001817487665e+18 1.27059179899542e+17 
41.8000000000003 2.80834761529324e+18 4.35293880370453e+18 -7.16128641899778e+18 1.40417380764662e+17 
41.9000000000003 3.10359957248224e+18 4.81057933734747e+18 -7.91417890982972e+18 1.55179978624112e+17 
42.0000000000003 3.42989245841852e+18 5.31633331054871e+18 -8.74622576896724e+18 1.71494622920926e+17 
42.1000000000003 3.79048972058832e+18 5.8752590669119e+18 -9.66574878750023e+18 1.89524486029416e+17 
42.2000000000003 4.18899790476537e+18 6.49294675238634e+18 -1.06819446571517e+19 2.09449895238269e+17 
42.3000000000003 4.62940272620107e+18 7.17557422561166e+18 -1.18049769518127e+19 2.31470136310053e+17 
42.4000000000003 5.11610893311207e+18 7.92996884632371e+18 -1.30460777794358e+19 2.55805446655603e+17 
42.5000000000003 5.65398436116363e+18 8.76367575980363e+18 -1.44176601209673e+19 2.82699218058182e+17 
42.6000000000003 6.24840861956343e+18 9.68503336032332e+18 -1.59334419798868e+19 3.12420430978171e+17 
42.7000000000003 6.90532689570427e+18 1.07032566883416e+19 -1.76085835840459e+19 3.45266344785214e+17 
42.8000000000003 7.63130941648761e+18 1.18285295955558e+19 -1.94598390120434e+19 3.81565470824381e+17 
42.9000000000003 8.43361716103565e+18 1.30721065996053e+19 -2.15057237606409e+19 4.21680858051783e+17 
43.0000000000003 9.32027448202348e+18 1.44464254471364e+19 -2.37666999291599e+19 4.66013724101174e+17 
43.1000000000003 1.03001493619602e+19 1.59652315110383e+19 -2.62653808729986e+19 5.1500746809801e+17 
43.2000000000003 1.13830421071093e+19 1.76437152660194e+19 -2.90267573731287e+19 5.69152105355464e+17 
43.3000000000003 1.25797833661282e+19 1.94986642174987e+19 -3.20784475836269e+19 6.28989168306408e+17 
43.4000000000003 1.39023424537698e+19 2.15486308033433e+19 -3.54509732571131e+19 6.95117122688492e+17 
43.5000000000003 1.53639470630548e+19 2.3814117947735e+19 -3.91780650107899e+19 7.68197353152743e+17 
43.6000000000003 1.69792155632264e+19 2.63177841230009e+19 -4.32969996862274e+19 8.4896077816132e+17 
43.7000000000004 1.87643032066779e+19 2.90846699703507e+19 -4.78489731770287e+19 9.38215160333894e+17 
43.8000000000004 2.07370637071549e+19 3.21424487460901e+19 -5.28795124532451e+19 1.03685318535775e+18 
43.9000000000004 2.29172278052703e+19 3.5521703098169e+19 -5.84389309034394e+19 1.14586139026352e+18 
44.0000000000004 2.53266006072714e+19 3.92562309412707e+19 -6.45828315485421e+19 1.26633003036357e+18 
44.1000000000004 2.79892796707605e+19 4.33833834896788e+19 -7.13726631604393e+19 1.39946398353802e+18 
44.2000000000004 3.0931896018573e+19 4.79444388287882e+19 -7.88763348473612e+19 1.54659480092865e+18 
44.3000000000004 3.41838804913344e+19 5.29850147615683e+19 -8.71688952529028e+19 1.70919402456672e+18 
44.4000000000004 3.77777581026454e+19 5.85555250591005e+19 -9.6333283161746e+19 1.88888790513227e+18 
44.5000000000004 4.17494733409151e+19 6.47116836784184e+19 -1.06461157019334e+20 2.08747366704576e+18 
44.6000000000004 4.61387496713767e+19 7.15150619906339e+19 -1.17653811662011e+20 2.30693748356884e+18 
44.7000000000004 5.09894868338788e+19 7.90337045925122e+19 -1.30023191426391e+20 2.54947434169394e+18 
44.8000000000004 5.63501999100601e+19 8.73428098605932e+19 -1.43693009770653e+20 2.81750999550301e+18 
44.9000000000004 6.22745045512785e+19 9.65254820544817e+19 -1.5879998660576e+20 3.11372522756393e+18 
45.0000000000004 6.88216532203438e+19 1.06673562491533e+20 -1.75495215711877e+20 3.44108266101719e+18 
45.1000000000004 7.6057127810325e+19 1.17888548106004e+20 -1.93945675916329e+20 3.80285639051625e+18 
45.2000000000004 8.40532945675614e+19 1.3028260657972e+20 -2.14335901147282e+20 4.20266472837808e+18 
45.3000000000004 9.28901278691483e+19 1.4397969819718e+20 -2.36869826066329e+20 4.64450639345742e+18 
45.4000000000004 1.02656010093824e+20 1.59116815645427e+20 -2.61772825739251e+20 5.13280050469119e+18 
45.5000000000004 1.13448615586235e+20 1.75845354158665e+20 -2.89293969744901e+20 5.67243077931177e+18 
45.6000000000004 1.25375887555635e+20 1.94332625711235e+20 -3.1970851326687e+20 6.26879437778176e+18 
45.7000000000004 1.38557117679543e+20 2.14763532403292e+20 -3.53320650082836e+20 6.92785588397716e+18 
45.8000000000004 1.53124139210131e+20 2.37342415775703e+20 -3.90466554985834e+20 7.65620696050654e+18 
45.9000000000004 1.69222645516285e+20 2.62295100550242e+20 -4.31517746066527e+20 8.46113227581424e+18 
46.0000000000004 1.87013647248869e+20 2.89871153235748e+20 -4.76884800484618e+20 9.35068236244348e+18 
46.1000000000004 2.06675082703154e+20 3.20346378189889e+20 -5.27021460893043e+20 1.03337541351577e+19 
46.2000000000004 2.28403597484587e+20 3.54025576101111e+20 -5.82429173585699e+20 1.14201798742294e+19 
46.3000000000004 2.52416511277416e+20 3.91245592479995e+20 -6.43662103757411e+20 1.26208255638708e+19 
46.4000000000004 2.7895399138694e+20 4.32378686649758e+20 -7.11332678036699e+20 1.3947699569347e+19 
46.5000000000004 3.08281454794306e+20 4.77836254931175e+20 -7.86117709725482e+20 1.54140727397153e+19 
46.6000000000004 3.40692222748182e+20 5.28072945259682e+20 -8.68765168007865e+20 1.70346111374091e+19 
46.7000000000004 3.76510454443465e+20 5.83591204387371e+20 -9.60101658830837e+20 1.88255227221733e+19 
46.8000000000004 4.16094389128467e+20 6.44946303149125e+20 -1.06104069227759e+21 2.08047194564234e+19 
46.9000000000004 4.59839929066803e+20 7.12751890053545e+20 -1.17259181912035e+21 2.29919964533401e+19 
47.0000000000004 5.08184599189288e+20 7.87686128743398e+20 -1.29587072793269e+21 2.54092299594644e+19 
47.1000000000004 5.61611923038681e+20 8.70498480709957e+20 -1.43211040374864e+21 2.80805961519341e+19 
47.2000000000004 6.2065625877364e+20 9.62017201099143e+20 -1.58267345987279e+21 3.1032812938682e+19 
47.3000000000004 6.85908143599651e+20 1.06315762257946e+21 -1.74906576617911e+21 3.42954071799826e+19 
47.4000000000004 7.5802020007971e+20 1.17493131012355e+21 -1.93295151020326e+21 3.79010100039855e+19 
47.5000000000004 8.37713663397269e+20 1.29845617826577e+21 -2.13616984166304e+21 4.18856831698635e+19 
47.6000000000004 9.25785594854437e+20 1.43496767202438e+21 -2.36075326687882e+21 4.62892797427219e+19 
47.7000000000004 1.02311685375189e+21 1.58583112331543e+21 -2.60894797706732e+21 5.11558426875945e+19 
47.8000000000004 1.13068090738196e+21 1.75255540644204e+21 -2.88323631382401e+21 5.65340453690982e+19 
47.9000000000004 1.24955356724886e+21 1.93680802923573e+21 -3.18636159648459e+21 6.24776783624428e+19 
48.0000000000004 1.38092374889362e+21 2.14043181078511e+21 -3.52135555967874e+21 6.9046187444681e+19 
48.1000000000004 1.5261053629393e+21 2.36546331255591e+21 -3.89156867549522e+21 7.63052681469649e+19 
48.2000000000004 1.68655045628555e+21 2.6141532072426e+21 -4.30070366352816e+21 8.43275228142775e+19 
48.3000000000004 1.86386373488561e+21 2.8889887890727e+21 -4.75285252395831e+21 9.31931867442804e+19 
48.4000000000004 2.05981861335641e+21 3.19271885070244e+21 -5.25253746405886e+21 1.02990930667821e+20 
48.5000000000004 2.27637495194354e+21 3.5283811755125e+21 -5.80475612745604e+21 1.13818747597177e+20 
48.6000000000004 2.51569865823877e+21 3.89933292027009e+21 -6.41503157850887e+21 1.25784932911938e+20 
48.7000000000004 2.78018334969857e+21 4.3092841920328e+21 -7.08946754173138e+21 1.39009167484929e+20 
48.8000000000004 3.07247429362328e+21 4.76233515511609e+21 -7.83480944873938e+21 1.53623714681164e+20 
48.9000000000004 3.39549486403455e+21 5.26301703925356e+21 -8.65851190328812e+21 1.69774743201728e+20 
49.0000000000004 3.75247578006217e+21 5.81633745909638e+21 -9.56881323915856e+21 1.87623789003109e+20 
49.1000000000004 4.14698741827045e+21 6.42783049831921e+21 -1.05748179165897e+22 2.07349370913523e+20 
49.2000000000004 4.58297552209877e+21 7.10361205925311e+21 -1.16865875813519e+22 2.29148776104939e+20 
49.3000000000004 5.06480066556757e+21 7.85044103162974e+21 -1.29152416971973e+22 2.53240033278379e+20 
49.4000000000004 5.59728186594945e+21 8.67578689222166e+21 -1.42730687581711e+22 2.79864093297473e+20 
49.5000000000004 6.18574478160153e+21 9.58790441148239e+21 -1.57736491930839e+22 3.09287239080077e+20 
49.6000000000004 6.83607497701388e+21 1.05959162143715e+22 -1.74319911913854e+22 3.41803748850695e+20 
49.7000000000004 7.55477678780923e+21 1.17099040211043e+22 -1.92646808089136e+22 3.77738839390462e+20 
49.8000000000004 8.34903837443755e+21 1.29410094803782e+22 -2.12900478548158e+22 4.17451918721878e+20 
49.9000000000004 9.22680361520576e+21 1.43015456035689e+22 -2.35283492187747e+22 4.61340180760289e+20 
50.0000000000004 1.01968515576872e+22 1.58051199144152e+22 -2.60019714721025e+22 5.09842577884363e+20 
