0 2 3.1 -5.1 0.1 
0.01 2.02013400166667 3.13120770258333 -5.15134170425 0.101006700083333 
0.02 2.04047069234489 3.16272957313458 -5.20320026547947 0.102023534617245 
0.03 2.06101211250512 3.19456877438293 -5.25558088688805 0.103050605625256 
0.04 2.08176032315922 3.22672850089679 -5.308488824056 0.104088016157961 
0.05 2.10271740606726 3.25921197940426 -5.36192938547152 0.105135870303363 
0.06 2.1238854639464 3.29202246911693 -5.41590793306333 0.10619427319732 
0.07 2.14526662068186 3.32516326205688 -5.47042988273874 0.107263331034093 
0.08 2.16686302153998 3.35863768338698 -5.52550070492696 0.108343151076999 
0.09 2.18867683338355 3.3924490917445 -5.58112592512804 0.109433841669177 
0.1 2.21071024488912 3.42660087957813 -5.63731112446725 0.110535512244456 
0.11 2.23296546676667 3.46109647348834 -5.69406194025502 0.111648273338334 
0.12 2.25544473198142 3.4959393345712 -5.75138406655262 0.112772236599071 
0.13 2.27815029597781 3.53113295876561 -5.80928325474342 0.113907514798891 
0.14 2.30108443690588 3.56668087720411 -5.86776531410999 0.115054221845294 
0.15 2.32424945584978 3.60258665656716 -5.92683611241694 0.116212472792489 
0.16 2.34764767705869 3.63885389944098 -5.98650157649967 0.117382383852935 
0.17 2.37128144818002 3.67548624467903 -6.04676769285905 0.118564072409001 
0.18 2.39515314049491 3.71248736776712 -6.10764050826203 0.119757657024746 
0.19 2.41926514915624 3.74986098119217 -6.16912613034841 0.120963257457812 
0.2 2.44361989342885 3.78761083481472 -6.23123072824356 0.122180994671442 
0.21 2.46821981693235 3.82574071624514 -6.29396053317748 0.123410990846617 
0.22 2.49306738788625 3.86425445122369 -6.35732183910995 0.124653369394313 
0.23 2.51816509935766 3.90315590400438 -6.42132100336204 0.125908254967883 
0.24 2.54351546951136 3.94244897774262 -6.48596444725398 0.127175773475568 
0.25 2.56912104186253 3.98213761488693 -6.55125865674946 0.128456052093127 
0.26 2.5949843855319 4.02222579757444 -6.61721018310634 0.129749219276595 
0.27 2.62110809550353 4.06271754803048 -6.68382564353401 0.131055404775177 
0.28 2.64749479288522 4.1036169289721 -6.75111172185732 0.132374739644261 
0.29 2.67414712517144 4.14492804401574 -6.81907516918719 0.133707356258572 
0.3 2.701067766509 4.18665503808895 -6.88772280459796 0.13505338832545 
0.31 2.72825941796534 4.22880209784628 -6.95706151581161 0.136412970898267 
0.32 2.75572480779954 4.2713734520893 -7.02709825988884 0.137786240389977 
0.33 2.7834666917361 4.31437337219096 -7.09784006392706 0.139173334586805 
0.34 2.81148785324136 4.35780617252411 -7.16929402576548 0.140574392662068 
0.35 2.83979110380285 4.40167621089442 -7.24146731469727 0.141989555190143 
0.36 2.86837928321132 4.44598788897756 -7.31436717218888 0.143418964160566 
0.37 2.89725525984573 4.49074565276088 -7.38800091260661 0.144862762992287 
0.38 2.92642193096098 4.53595399298951 -7.46237592395049 0.146321096548049 
0.39 2.95588222297864 4.5816174456169 -7.53749966859555 0.147794111148932 
0.4 2.98563909178061 4.62774059225994 -7.61337968404055 0.14928195458903 
0.41 3.01569552300559 4.67432806065867 -7.69002358366427 0.15078477615028 
0.42 3.04605453234877 4.7213845251406 -7.76743905748937 0.152302726617439 
0.43 3.0767191658643 4.76891470708967 -7.84563387295398 0.153835958293215 
0.44 3.10769250027099 4.81692337542004 -7.92461587569104 0.15538462501355 
0.45 3.13897764326097 4.8654153470545 -8.00439299031547 0.156948882163048 
0.46 3.17057773381149 4.91439548740781 -8.0849732212193 0.158528886690574 
0.47 3.20249594249992 4.96386871087487 -8.16636465337479 0.160124797124996 
0.48 3.23473547182181 5.01383998132381 -8.24857545314562 0.161736773591091 
0.49 3.26729955651225 5.06431431259399 -8.33161386910625 0.163364977825613 
0.5 3.30019146387041 5.11529676899914 -8.41548823286955 0.165009573193521 
0.51 3.33341449408735 5.1667924658354 -8.50020695992276 0.166670724704368 
0.52 3.36697198057718 5.21880656989463 -8.5857785504718 0.168348599028859 
0.53 3.40086729031146 5.27134429998276 -8.67221159029422 0.170043364515573 
0.54 3.43510382415708 5.32441092744348 -8.75951475160056 0.171755191207854 
0.55 3.46968501721745 5.37801177668706 -8.84769679390451 0.173484250860873 
0.56 3.50461433917719 5.43215222572464 -8.93676656490183 0.175230716958859 
0.57 3.5398952946502 5.48683770670781 -9.02673300135801 0.17699476473251 
0.58 3.57553142353135 5.5420737064736 -9.11760513000495 0.178776571176568 
0.59 3.61152630135165 5.59786576709506 -9.20939206844672 0.180576315067583 
0.6 3.64788353963696 5.6542194864373 -9.30210302607427 0.182394176981848 
0.61 3.68460678627039 5.71114051871911 -9.39574730498951 0.18423033931352 
0.62 3.72169972585828 5.76863457508034 -9.49033430093863 0.186084986292914 
0.63 3.75916608009991 5.82670742415487 -9.58587350425479 0.187958304004996 
0.64 3.79700960816092 5.88536489264943 -9.68237450081035 0.189850480408046 
0.65 3.83523410705045 5.9446128659282 -9.77984697297865 0.191761705352523 
0.66 3.87384341200215 6.00445728860334 -9.8783007006055 0.193692170600108 
0.67 3.91284139685898 6.06490416513143 -9.97774556199041 0.195642069842949 
0.68 3.95223197446186 6.12595956041589 -10.0781915348778 0.197611598723093 
0.69 3.9920190970423 6.18762960041556 -10.1796486974579 0.199600954852115 
0.7 4.0322067566189 6.2499204727593 -10.2821272293782 0.201610337830945 
0.71 4.07279898539796 6.31283842736684 -10.3856374127648 0.203639949269898 
0.72 4.11379985617796 6.37638977707584 -10.4901896332538 0.205689992808898 
0.73 4.15521348275827 6.44058089827532 -10.5957943810336 0.207760674137914 
0.74 4.19704402035187 6.50541823154541 -10.7024622518973 0.209852201017594 
0.75 4.23929566600229 6.57090828230356 -10.8102039483059 0.211964783300115 
0.76 4.28197265900468 6.63705762145727 -10.919030280462 0.214098632950234 
0.77 4.3250792813312 6.70387288606336 -11.0289521673946 0.21625396406656 
0.78 4.36861985806059 6.77136077999392 -11.1399806380545 0.21843099290303 
0.79 4.4125987578122 6.83952807460892 -11.2521268324211 0.22062993789061 
0.8 4.45702039318426 6.90838160943561 -11.3654020026199 0.222851019659213 
0.81 4.50188922119663 6.97792829285479 -11.4798175140514 0.225094461059832 
0.820000000000001 4.54720974373799 7.0481751027939 -11.5953848465319 0.2273604871869 
0.830000000000001 4.59298650801755 7.1191290874272 -11.7121155954448 0.229649325400878 
0.840000000000001 4.63922410702125 7.19079736588294 -11.8300214729042 0.231961205351063 
0.850000000000001 4.68592717997265 7.26318712895761 -11.9491143089303 0.234296358998633 
0.860000000000001 4.73310041279837 7.33630563983749 -12.0694060526359 0.236655020639919 
0.870000000000001 4.78074853859827 7.41016023482732 -12.1909087734256 0.239037426929914 
0.880000000000001 4.82887633812029 7.48475832408646 -12.3136346622068 0.241443816906015 
0.890000000000001 4.87748864024021 7.56010739237234 -12.4375960326126 0.243874432012011 
0.900000000000001 4.92659032244608 7.63621499979144 -12.5628053222375 0.246329516122304 
0.910000000000001 4.97618631132764 7.71308878255785 -12.6892750938855 0.248809315566382 
0.920000000000001 5.0262815830706 7.79073645375943 -12.81701803683 0.25131407915353 
0.930000000000001 5.07688116395594 7.86916580413171 -12.9460469680877 0.253844058197797 
0.940000000000001 5.12799013086422 7.94838470283954 -13.0763748337038 0.256399506543211 
0.950000000000001 5.17961361178495 8.02840109826668 -13.2080147100516 0.258980680589248 
0.960000000000001 5.23175678633114 8.10922301881327 -13.3409798051444 0.261587839316557 
0.970000000000001 5.28442488625893 8.19085857370135 -13.4752834599603 0.264221244312947 
0.980000000000001 5.33762319599259 8.27331595378851 -13.6109391497811 0.26688115979963 
0.990000000000001 5.39135705315466 8.35660343238973 -13.7479604855444 0.269567852657733 
1 5.44563184910157 8.44072936610744 -13.886361215209 0.272281592455079 
1.01 5.5004530294645 8.52570219566998 -14.0261552251345 0.275022651473225 
1.02 5.55582609469583 8.61153044677854 -14.1673565414744 0.277791304734792 
1.03 5.61175660062099 8.69822273096254 -14.3099793315835 0.28058783003105 
1.04 5.6682501589959 8.78578774644366 -14.4540379054396 0.283412507949795 
1.05 5.72531243807006 8.87423427900859 -14.5995467170787 0.286265621903503 
1.06 5.7829491631552 8.96357120289057 -14.7465203660458 0.28914745815776 
1.07 5.84116611719981 9.05380748165971 -14.8949735988595 0.292058305859991 
1.08 5.8999691413693 9.14495216912242 -15.0449213104917 0.294998457068465 
1.09 5.9593641356321 9.23701441022977 -15.1963785458619 0.297968206781605 
1.1 6.01935705935165 9.33000344199506 -15.3493605013467 0.300967852967583 
1.11 6.07995393188427 9.42392859442063 -15.5038825263049 0.303997696594214 
1.12 6.14116083318318 9.51879929143394 -15.6599601246171 0.307058041659159 
1.13 6.20298390440847 9.61462505183313 -15.8176089562416 0.310149195220424 
1.14 6.2654293485433 9.71141549024212 -15.9768448387854 0.313271467427165 
1.15 6.32850343101628 9.80918031807524 -16.1376837490915 0.316425171550814 
1.16 6.39221248033007 9.90792934451162 -16.3001418248417 0.319610624016504 
1.17 6.4565628886964 10.0076724774794 -16.4642353661758 0.32282814443482 
1.18 6.52156111267738 10.1084197246499 -16.6299808373273 0.326078055633869 
1.19 6.58721367383333 10.2101811944417 -16.797394868275 0.329360683691667 
1.2 6.65352715937716 10.3129670970346 -16.9664942564118 0.332676357968858 
1.21 6.72050822283521 10.4167877453946 -17.1372959682298 0.336025411141761 
1.22 6.78816358471492 10.5216535563081 -17.3098171410231 0.339408179235746 
1.23 6.85650003317905 10.6275750514275 -17.4840750846066 0.342825001658953 
1.24 6.92552442472681 10.7345628583266 -17.6600872830534 0.346276221236341 
1.25 6.99524368488181 10.8426277115668 -17.8378713964486 0.349762184244091 
1.26 7.06566480888688 10.9517804537747 -18.0174452626616 0.353283240444344 
1.27 7.136794862406 11.0620320367293 -18.1988268991353 0.3568397431203 
1.28 7.20864098223317 11.1733935224614 -18.3820345046946 0.360432049111659 
1.29 7.28121037700851 11.2858760843632 -18.5670864613717 0.364060518850426 
1.3 7.35451032794153 11.3994910083094 -18.7540013362509 0.367725516397077 
1.31 7.42854818954168 11.5142496937896 -18.9427978833313 0.371427409477084 
1.32 7.50333139035625 11.6301636550522 -19.1334950454085 0.375166569517813 
1.33 7.57886743371574 11.7472445222594 -19.3261119559752 0.378943371685788 
1.34 7.65516389848668 11.8655040426544 -19.5206679411411 0.382758194924335 
1.35 7.73222843983205 11.9849540817397 -19.7171825215717 0.386611421991603 
1.36 7.81006878997937 12.105606624468 -19.9156754144474 0.390503439498969 
1.37 7.88869275899648 12.2274737764445 -20.116166535441 0.394434637949824 
1.38 7.96810823557521 12.3505677651416 -20.3186760007168 0.398405411778761 
1.39 8.04832318782283 12.4749009411254 -20.5232241289482 0.402416159391142 
1.4 8.12934566406158 12.6004857792955 -20.729831443357 0.406467283203079 
1.41 8.21118379363614 12.727334880136 -20.9385186737722 0.410559189681808 
1.42 8.29384578772933 12.8554609709805 -21.1493067587098 0.414692289386467 
1.43 8.37733994018594 12.9848769072882 -21.3622168474742 0.418866997009297 
1.44 8.46167462834491 13.1155956739346 -21.5772703022795 0.423083731417246 
1.45 8.54685831387985 13.2476303865138 -21.7944887003936 0.427342915693993 
1.46 8.63289954364806 13.3809942926545 -22.0138938363026 0.431644977182404 
1.47 8.71980695054805 13.5157007733495 -22.2355077238975 0.435990347527403 
1.48 8.80758925438572 13.6517633442979 -22.4593525986836 0.440379462719287 
1.49 8.89625526274928 13.7891956572614 -22.6854509200107 0.444812763137465 
1.5 8.98581387189292 13.928011501434 -22.913825373327 0.449290693594647 
1.51 9.07627406762945 14.0682248048257 -23.1444988724551 0.453813703381473 
1.52 9.16764492623183 14.2098496356594 -23.3774945618912 0.458382246311592 
1.53 9.25993561534391 14.3529002037831 -23.612835819127 0.462996780767196 
1.54 9.35315539490019 14.4973908620953 -23.8505462569955 0.46765776974501 
1.55 9.44731361805495 14.6433361079852 -24.0906497260402 0.472365680902748 
1.56 9.54241973212067 14.7907505847871 -24.3331703169077 0.477120986606034 
1.57 9.63848327951595 14.9396490832497 -24.5781323627657 0.481924163975798 
1.58 9.7355138987229 15.0900465430205 -24.8255604417434 0.486775694936146 
1.59 9.83352132525427 15.2419580541441 -25.0754793793984 0.491676066262715 
1.6 9.93251539263021 15.3953988585768 -25.3279142512071 0.496625769631511 
1.61 10.0325060333649 15.5503843517156 -25.5828903850806 0.501625301668247 
1.62 10.1335032799632 15.706930083943 -25.8404333639063 0.506675163998162 
1.63 10.2355172659272 15.8650517621872 -26.1005690281144 0.511775863296361 
1.64 10.3385582267729 16.024765251498 -26.3633234782709 0.516927911338645 
1.65 10.4426365010573 16.1860865766388 -26.6287230776961 0.522131825052864 
1.66 10.5477625314156 16.3490319236942 -26.8967944551099 0.527388126570781 
1.67 10.6539468656092 16.5136176416942 -27.1675645073034 0.53269734328046 
1.68 10.7612001575836 16.6798602442545 -27.4410604018381 0.538060007879178 
1.69 10.8695331685376 16.8477764112333 -27.717309579771 0.543476658426881 
1.7 10.9789567680032 17.017382990405 -27.9963397584083 0.548947838400162 
1.71 11.0894819349358 17.1886969991506 -28.2781789340865 0.554474096746793 
1.72 11.2011197588161 17.3617356261649 -28.5628553849811 0.560055987940805 
1.73 11.3138814407623 17.5365162331817 -28.850397673944 0.565694072038118 
1.74 11.4277782946547 17.7130563567149 -29.1408346513696 0.571388914732738 
1.75 11.5428217482702 17.8913737098188 -29.434195458089 0.57714108741351 
1.76 11.659023344429 18.071486183865 -29.7305095282941 0.582951167221452 
1.77 11.7763947421532 18.2534118503376 -30.0298065924908 0.588819737107663 
1.78 11.8949477178362 18.4371689626461 -30.3321166804823 0.594747385891809 
1.79 12.0146941664241 18.6227759579573 -30.6374701243815 0.600734708321205 
1.8 12.1356461026097 18.8102514590451 -30.9458975616548 0.606782305130487 
1.81 12.2578156620377 18.9996142761585 -31.2574299381963 0.612890783101887 
1.82 12.3812151025223 19.1908834089096 -31.5720985114319 0.619060755126116 
1.83 12.5058568052771 19.3840780481795 -31.8899348534566 0.625292840263855 
1.84 12.6317532761573 19.5792175780439 -32.2109708542013 0.631587663807868 
1.85 12.7589171469149 19.7763215777181 -32.535238724633 0.637945857345745 
1.86 12.8873611764653 19.9754098235212 -32.8627709999866 0.644368058823266 
1.87 13.0170982521682 20.1765022908608 -33.1936005430291 0.650854912608414 
1.88 13.1481413911204 20.3796191562367 -33.5277605473571 0.657407069556022 
1.89 13.2805037414616 20.5847807992655 -33.8652845407271 0.664025187073081 
1.9 13.414198583694 20.7920078047257 -34.2062063884197 0.6707099291847 
1.91 13.5492393320145 21.0013209646225 -34.5505602966371 0.677461966600728 
1.92 13.685639535661 21.2127412802745 -34.8983808159355 0.684281976783049 
1.93 13.8234128802712 21.4262899644203 -35.2497028446915 0.691170644013559 
1.94 13.9625731892564 21.6419884433474 -35.6045616326038 0.698128659462819 
1.95 14.1031344251881 21.8598583590415 -35.9629927842297 0.705156721259405 
1.96 14.2451106911991 22.0799215713586 -36.3250322625577 0.712255534559954 
1.97 14.3885162323983 22.3022001602174 -36.6907163926157 0.719425811619915 
1.98 14.5333654373003 22.5267164278154 -37.0600818651157 0.726668271865014 
1.99 14.6796728392687 22.7534929008665 -37.4331657401353 0.733983641963436 
2 14.8274531179747 22.9825523328608 -37.8100054508355 0.741372655898735 
2.01 14.9767211008695 23.2139177063478 -38.1906388072174 0.748836055043479 
2.02 15.1274917646726 23.4476122352426 -38.5751039999152 0.756374588233631 
2.03 15.2797802368738 23.6836593671544 -38.9634396040283 0.763989011843692 
2.04 15.4336017972516 23.92208278574 -39.3556845829916 0.771680089862579 
2.05 15.5889718794058 24.1629064130791 -39.7518782924849 0.779448593970293 
2.06 15.7459060723066 24.4061544120753 -40.1520604843819 0.787295303615332 
2.07 15.9044201218581 24.6518511888801 -40.5562713107383 0.795221006092907 
2.08 16.0645299324785 24.9000213953418 -40.9645513278204 0.803226496623929 
2.09 16.2262515686959 25.1506899314787 -41.3769415001747 0.811312578434797 
2.1 16.3896012567599 25.4038819479778 -41.7934832047377 0.819480062837994 
2.11 16.5545953862697 25.659622848718 -42.2142182349877 0.827729769313484 
2.12 16.7212505118187 25.9179382933191 -42.6391888051378 0.836062525590938 
2.13 16.8895833546556 26.1788541997162 -43.0684375543718 0.844479167732781 
2.14 17.0596108043616 26.4423967467604 -43.502007551122 0.852980540218079 
2.15 17.2313499205454 26.7085923768454 -43.9399422973909 0.861567496027272 
2.16 17.404817934555 26.9774677985603 -44.3822857331153 0.870240896727751 
2.17 17.5800322512062 27.2490499893696 -44.8290822405758 0.87900161256031 
2.18 17.7570104505291 27.5233661983201 -45.2803766488493 0.887850522526456 
2.19 17.9357702895321 27.8004439487748 -45.7362142383069 0.896788514476605 
2.2 18.1163297039833 28.0803110411741 -46.1966407451574 0.905816485199165 
2.21 18.2987068102102 28.3629955558259 -46.6617023660361 0.914935340510512 
2.22 18.4829199069175 28.6485258557222 -47.1314457626398 0.924145995345878 
2.23 18.6689874770229 28.9369305893855 -47.6059180664085 0.933449373851146 
2.24 18.8569281895116 29.228238693743 -48.0851668832546 0.94284640947558 
2.25 19.0467609013095 29.5224793970298 -48.5692402983393 0.952338045065476 
2.26 19.2385046591753 29.8196822217217 -49.058186880897 0.961925232958765 
2.27 19.4321787016113 30.1198769874975 -49.5520556891089 0.971608935080566 
2.28 19.6278024607939 30.4230938142306 -50.0508962750245 0.981390123039696 
2.29 19.8253955645232 30.729363125011 -50.5547586895342 0.991269778226162 
2.29999999999999 20.0249778381924 31.0387156491983 -51.0636934873908 1.00124889190962 
2.30999999999999 20.226569306777 31.3511824255044 -51.5777517322814 1.01132846533885 
2.31999999999999 20.4301901968438 31.6667948051079 -52.0969850019517 1.02150950984219 
2.32999999999999 20.6358609385806 31.9855844547999 -52.6214453933805 1.03179304692903 
2.33999999999999 20.8436021678458 32.307583360161 -53.1511855280069 1.04218010839229 
2.34999999999999 21.0534347282392 32.6328238287708 -53.68625855701 1.05267173641196 
2.35999999999999 21.2653796731929 32.961338493449 -54.226718166642 1.06326898365965 
2.36999999999999 21.4794582680841 33.2931603155304 -54.7726185836145 1.07397291340421 
2.37999999999999 21.6956919923684 33.6283225881711 -55.3240145805396 1.08478459961842 
2.38999999999999 21.9141025417353 33.9668589396898 -55.8809614814252 1.09570512708677 
2.39999999999999 22.1347118302847 34.3088033369414 -56.4435151672262 1.10673559151424 
2.40999999999999 22.3575419927258 34.654190088725 -57.0117320814509 1.11787709963629 
2.41999999999999 22.5826153865979 35.0030538492267 -57.5856692358247 1.1291307693299 
2.42999999999999 22.8099545945136 35.3554296214961 -58.1653842160098 1.14049772972568 
2.43999999999999 23.0395824264249 35.7113527609586 -58.7509351873835 1.15197912132125 
2.44999999999999 23.2715219219113 36.0708589789626 -59.342380900874 1.16357609609557 
2.45999999999999 23.5057963524921 36.4339843463629 -59.9397806988551 1.17528981762461 
2.46999999999999 23.7424292239609 36.8007652971393 -60.5431945211003 1.18712146119804 
2.47999999999999 23.9814442787438 37.171238632053 -61.1526829107968 1.19907221393719 
2.48999999999999 24.2228654982825 37.5454415223379 -61.7683070206204 1.21114327491413 
2.49999999999999 24.4667171054394 37.9234115134311 -62.3901286188706 1.22333585527197 
2.50999999999999 24.7130235669288 38.3051865287397 -63.0182100956685 1.23565117834644 
2.51999999999999 24.9618095957713 38.6908048734455 -63.6526144692168 1.24809047978857 
2.52999999999999 25.2131001537734 39.0803052383488 -64.2934053921222 1.26065500768867 
2.53999999999999 25.4669204540323 39.4737267037502 -64.9406471577826 1.27334602270162 
2.54999999999999 25.7232959634655 39.8711087433716 -65.5944047068372 1.28616479817328 
2.55999999999999 25.9822524053658 40.272491228317 -66.2547436336829 1.29911262026829 
2.56999999999999 26.2438157619825 40.6779144310729 -66.9217301930555 1.31219078809913 
2.57999999999999 26.5080122771282 41.0874190295488 -67.5954313066771 1.32540061385641 
2.58999999999999 26.7748684588121 41.5010461111588 -68.2759145699709 1.33874342294061 
2.59999999999999 27.0444110818993 41.918837176944 -68.9632482588434 1.35222055409497 
2.60999999999999 27.3166671907978 42.3408341457367 -69.6575013365346 1.36583335953989 
2.61999999999999 27.5916641021715 42.7670793583658 -70.3587434605374 1.37958320510858 
2.62999999999999 27.8694294076811 43.1976155819057 -71.0670449895869 1.39347147038406 
2.63999999999999 28.1499909767527 43.6324860139668 -71.7824769907196 1.40749954883764 
2.64999999999999 28.433376959374 44.0717342870298 -72.5051112464039 1.4216688479687 
2.65999999999999 28.7196157889185 44.5154044728238 -73.2350202617424 1.43598078944593 
2.66999999999999 29.0087361849986 44.9635410867479 -73.9722772717466 1.45043680924993 
2.67999999999999 29.3007671563469 45.4161890923378 -74.7169562486848 1.46503835781735 
2.68999999999999 29.5957380037272 45.8733939057772 -75.4691319095044 1.47978690018636 
2.69999999999999 29.8936783228738 46.3352014004545 -76.2288797233284 1.49468391614369 
2.70999999999999 30.1946180074616 46.8016579115655 -76.9962759190272 1.50973090037308 
2.71999999999999 30.4985872521049 47.2728102407626 -77.7713974928676 1.52492936260525 
2.72999999999999 30.8056165553873 47.7487056608504 -78.5543222162378 1.54028082776937 
2.73999999999999 31.1157367229217 48.2293919205287 -79.3451286434506 1.55578683614609 
2.74999999999999 31.4289788704412 48.7149172491839 -80.1438961196251 1.57144894352206 
2.75999999999999 31.7453744269207 49.2053303617272 -80.950704788648 1.58726872134604 
2.76999999999998 32.064955137731 49.7006804634831 -81.7656356012142 1.60324775688655 
2.77999999999998 32.3877530678233 50.2010172551262 -82.5887703229497 1.61938765339117 
2.78999999999998 32.7138006049469 50.7063909376678 -83.4201915426148 1.63569003024735 
2.79999999999998 33.0431304628984 51.2168522174926 -84.2599826803911 1.65215652314492 
2.80999999999998 33.3757756848044 51.7324523114468 -85.1082279962513 1.66878878424022 
2.81999999999998 33.7117696464364 52.2532429519765 -85.9650125984131 1.68558848232182 
2.82999999999998 34.0511460595602 52.7792763923184 -86.8304224518788 1.70255730297802 
2.83999999999998 34.3939389753178 53.3106054117426 -87.7045443870605 1.71969694876589 
2.84999999999998 34.7401827876439 53.8472833208481 -88.5874661084922 1.7370091393822 
2.85999999999998 35.0899122367173 54.3893639669119 -89.4792762036293 1.75449561183587 
2.86999999999998 35.4431624124459 54.9369017392912 -90.3800641517373 1.7721581206223 
2.87999999999998 35.799968757988 55.4899515748814 -91.2899203328695 1.7899984378994 
2.88999999999998 36.160367073308 56.0485689636274 -92.2089360369355 1.8080183536654 
2.89999999999998 36.5243935187686 56.6128099540914 -93.1372034728601 1.82621967593843 
2.90999999999998 36.892084618759 57.1827311590765 -94.0748157778357 1.84460423093795 
2.91999999999998 37.2634772653595 57.7583897613072 -95.0218670266668 1.86317386326798 
2.92999999999998 37.6386087220427 58.3398435191663 -95.9784522412092 1.88193043610214 
2.93999999999998 38.0175166274131 58.9271507724903 -96.9446673999035 1.90087583137066 
2.94999999999998 38.4002389989825 59.5203704484229 -97.9206094474055 1.92001194994913 
2.95999999999998 38.7868142369854 60.1195620673275 -98.9063763043131 1.93934071184928 
2.96999999999998 39.1772811282315 60.7247857487589 -99.9020668769906 1.95886405641158 
2.97999999999998 39.5716788499972 61.3361022174957 -100.907781067493 1.97858394249986 
2.98999999999998 39.9700469739565 61.9535728096326 -101.923619783589 1.99850234869783 
2.99999999999998 40.3724254701517 62.5772594787352 -102.949684948887 2.01862127350759 
3.00999999999998 40.7788547110034 63.2072248020553 -103.986079513059 2.03894273555017 
3.01999999999998 41.1893754753614 63.8435319868103 -105.032907462172 2.05946877376808 
3.02999999999998 41.6040289525964 64.4862448765244 -106.090273829121 2.08020144762982 
3.03999999999998 42.0228567467322 65.1354279574349 -107.158284704167 2.10114283733661 
3.04999999999998 42.4459008806206 65.791146364962 -108.237047245583 2.12229504403103 
3.05999999999998 42.8732038001574 66.453465890244 -109.326669690402 2.14366019000787 
3.06999999999998 43.3048083785412 67.122452986739 -110.42726136528 2.16524041892707 
3.07999999999998 43.7407579205754 67.7981747768918 -111.538932697467 2.18703789602877 
3.08999999999998 44.1810961670124 68.4806990588693 -112.661795225882 2.20905480835062 
3.09999999999998 44.6258672989433 69.1700943133622 -113.795961612306 2.23129336494717 
3.10999999999998 45.07511594223 69.8664297104565 -114.941545652687 2.2537557971115 
3.11999999999998 45.528887171983 70.5697751165737 -116.098662288557 2.27644435859915 
3.12999999999998 45.9872265170841 71.2802011014804 -117.267427618565 2.29936132585421 
3.13999999999998 46.4501799647543 71.9977789453692 -118.447958910124 2.32250899823772 
3.14999999999998 46.917793965168 72.7225806460104 -119.640374611179 2.3458896982584 
3.15999999999998 47.3901154361135 73.4546789259759 -120.84479436209 2.36950577180568 
3.16999999999998 47.8671917677006 74.1941472399359 -122.061339007637 2.39335958838503 
3.17999999999998 48.3490708271153 74.9410597820288 -123.290130609144 2.41745354135577 
3.18999999999998 48.8358009634228 75.6954914933054 -124.531292456728 2.44179004817114 
3.19999999999998 49.3274310124181 76.4575180692481 -125.784949081666 2.46637155062091 
3.20999999999998 49.8240103015263 77.2272159673658 -127.051226268892 2.49120051507632 
3.21999999999998 50.3255886547518 78.0046624148653 -128.330251069617 2.51627943273759 
3.22999999999998 50.8322163976771 78.7899354163996 -129.622151814077 2.54161081988386 
3.23999999999997 51.3439443625127 79.5831137618948 -130.927058124408 2.56719721812564 
3.24999999999997 51.8608238931968 80.3842770344551 -132.245100927652 2.59304119465984 
3.25999999999997 52.3829068505469 81.1935056183478 -133.576412468895 2.61914534252735 
3.26999999999997 52.9102456174638 82.010880707069 -134.921126324533 2.6455122808732 
3.27999999999997 53.4428931041867 82.8364843114894 -136.279377415676 2.67214465520934 
3.28999999999997 53.9809027536023 83.6703992680836 -137.651302021686 2.69904513768012 
3.29999999999997 54.5243285466069 84.5127092472407 -139.037037793848 2.72621642733035 
3.30999999999997 55.0732250075225 85.36349876166 -140.436723769183 2.75366125037613 
3.31999999999997 55.6276472095676 86.2228531748299 -141.850500384398 2.78138236047839 
3.32999999999997 56.1876507803827 87.0908587095932 -143.278509489976 2.80938253901914 
3.33999999999997 56.7532919076118 87.9676024567984 -144.72089436441 2.8376645953806 
3.34999999999997 57.3246273445402 88.8531723840374 -146.177799728578 2.86623136722701 
3.35999999999997 57.9017144157882 89.7476573444718 -147.64937176026 2.89508572078942 
3.36999999999997 58.4846110230634 90.6511470857483 -149.135758108812 2.92423055115317 
3.37999999999997 59.0733756509697 91.5637322590031 -150.637107909973 2.95366878254849 
3.38999999999997 59.6680673728758 92.4855044279576 -152.153571800834 2.9834033686438 
3.39999999999997 60.268745856842 93.4165560781051 -153.685301934947 3.0134372928421 
3.40999999999997 60.8754713716067 94.3569806259906 -155.232451997598 3.04377356858034 
3.41999999999997 61.4883047926343 95.3068724285832 -156.795177221218 3.07441523963172 
3.42999999999997 62.107307608222 96.2663267927442 -158.373634400966 3.10536538041111 
3.43999999999997 62.73254192567 97.2354399847887 -159.967981910459 3.13662709628351 
3.44999999999997 63.3640704775129 98.2143092401451 -161.578379717658 3.16820352387565 
3.45999999999997 64.0019566278134 99.2030327731108 -163.204989400924 3.20009783139068 
3.46999999999997 64.6462643785205 100.201709786707 -164.847974165228 3.23231321892603 
3.47999999999997 65.297058375891 101.210440482631 -166.507498858522 3.26485291879456 
3.48999999999997 65.9544039169753 102.229326071312 -168.183729988287 3.29772019584877 
3.49999999999997 66.6183669561695 103.258468782063 -169.876835738233 3.33091834780848 
3.50999999999997 67.2890141118326 104.297971873341 -171.586985985173 3.36445070559164 
3.51999999999997 67.9664126729706 105.347939643104 -173.314352316075 3.39832063364854 
3.52999999999997 68.650630605988 106.408477439282 -175.05910804527 3.43253153029941 
3.53999999999997 69.3417365615074 107.479691670337 -176.821428231844 3.46708682807538 
3.54999999999997 70.0397998812569 108.561689815948 -178.601489697205 3.50198999406285 
3.55999999999997 70.744890605028 109.654580437793 -180.399471042822 3.53724453025141 
3.56999999999997 71.4570794777029 110.75847319044 -182.215552668143 3.57285397388515 
3.57999999999997 72.1764379563525 111.873478832346 -184.049916788699 3.60882189781763 
3.58999999999997 72.9030382174061 112.99970923698 -185.902747454386 3.64515191087031 
3.59999999999997 73.6369531638933 114.137277404035 -187.774230567928 3.68184765819467 
3.60999999999997 74.3782564327583 115.286297470775 -189.664553903534 3.71891282163792 
3.61999999999997 75.1270224022488 116.446884723486 -191.573907125735 3.75635112011245 
3.62999999999997 75.883326199378 117.619155609036 -193.502481808414 3.79416630996891 
3.63999999999997 76.6472437074633 118.803227746568 -195.450471454032 3.83236218537317 
3.64999999999997 77.418851573739 119.999219939296 -197.418071513035 3.87094257868696 
3.65999999999997 78.1982272170476 121.207252186424 -199.405479403472 3.90991136085239 
3.66999999999997 78.9854488356068 122.427445695191 -201.412894530798 3.94927244178035 
3.67999999999997 79.780595414856 123.659922893027 -203.440518307883 3.98902977074281 
3.68999999999997 80.5837467353812 124.904807439841 -205.488554175223 4.02918733676907 
3.69999999999997 81.3949833809194 126.162224240425 -207.557207621345 4.06974916904598 
3.70999999999996 82.2143867464443 127.432299456989 -209.646686203433 4.11071933732222 
3.71999999999996 83.0420390463327 128.715160521816 -211.757199568149 4.15210195231665 
3.72999999999996 83.8780233226138 130.010936150052 -213.888959472666 4.1939011661307 
3.73999999999996 84.7224234533009 131.319756352617 -216.042179805918 4.23612117266506 
3.74999999999996 85.5753241608074 132.641752449252 -218.217076610059 4.27876620804038 
3.75999999999996 86.436811020447 133.977057081693 -220.41386810214 4.32184055102236 
3.76999999999996 87.3069704690205 135.325804226982 -222.632774696003 4.36534852345103 
3.77999999999996 88.1858898134879 136.688129210906 -224.874019024395 4.40929449067441 
3.78999999999996 89.0736572397285 138.064168721579 -227.137825961308 4.45368286198644 
3.79999999999996 89.9703618213889 139.454060823153 -229.424422644542 4.49851809106946 
3.80999999999996 90.8760935288202 140.857944969671 -231.734038498492 4.54380467644102 
3.81999999999996 91.7909432381049 142.275962019063 -234.066905257168 4.58954716190526 
3.82999999999996 92.7150027401753 143.708254247272 -236.423256987448 4.63575013700878 
3.83999999999996 93.6483647500232 145.154965362536 -238.80333011256 4.68241823750117 
3.84999999999996 94.591122916002 146.616240519803 -241.207363435806 4.72955614580011 
3.85999999999996 95.5433718292233 148.092226335296 -243.63559816452 4.77716859146118 
3.86999999999996 96.5052070330476 149.583070901224 -246.088277934272 4.82526035165239 
3.87999999999996 97.4767250326702 151.088923800639 -248.56564883331 4.87383625163352 
3.88999999999996 98.4580233048047 152.609936122448 -251.067959427253 4.92290116524025 
3.89999999999996 99.4492003074626 154.146260476567 -253.59546078403 4.97246001537314 
3.90999999999996 100.450355489832 155.69805100924 -256.148406499073 5.02251777449162 
3.91999999999996 101.461589302257 157.265463418498 -258.727052720756 5.07307946511286 
3.92999999999996 102.483003206314 158.848654969787 -261.331658176101 5.12415016031571 
3.93999999999996 103.514699684994 160.447784511742 -263.962484196737 5.17573498424974 
3.94999999999996 104.556782252986 162.063012492128 -266.619794745114 5.22783911264929 
3.95999999999996 105.609355467057 163.694500973939 -269.303856440996 5.28046777335287 
3.96999999999996 106.672524936552 165.342413651655 -272.014938588208 5.3336262468276 
3.97999999999996 107.746397333982 167.006915867672 -274.753313201654 5.3873198666991 
3.98999999999996 108.831080405732 168.688174628884 -277.519255034616 5.44155402028659 
3.99999999999996 109.926682982869 170.386358623447 -280.313041606316 5.49633414914345 
4.00999999999996 111.033314992063 172.101638237698 -283.134953229761 5.55166574960315 
4.01999999999996 112.151087466616 173.834185573255 -285.985273039871 5.6075543733308 
4.02999999999996 113.280112557601 175.584174464282 -288.864287021884 5.66400562788008 
4.03999999999996 114.420503545119 177.351780494934 -291.772284040054 5.72102517725595 
4.04999999999996 115.572374849658 179.13718101697 -294.709555866628 5.77861874248291 
4.05999999999996 116.73584204358 180.940555167549 -297.676397211129 5.836792102179 
4.06999999999996 117.911021862712 182.762083887204 -300.673105749917 5.89555109313563 
4.07999999999996 119.098032218063 184.601949937999 -303.699982156062 5.95490161090318 
4.08999999999996 120.296992207651 186.460337921859 -306.757330129511 6.01484961038256 
4.09999999999996 121.508022128453 188.337434299102 -309.845456427556 6.07540110642266 
4.10999999999996 122.731243488477 190.233427407139 -312.964670895616 6.13656217442385 
4.11999999999996 123.966779018951 192.148507479375 -316.115286498326 6.19833895094758 
4.12999999999996 125.214752686641 194.082866664293 -319.297619350935 6.26073763433205 
4.13999999999996 126.475289706283 196.036699044739 -322.511988751022 6.32376448531415 
4.14999999999996 127.748516553152 198.010200657386 -325.758717210538 6.38742582765761 
4.15999999999996 129.03456097575 200.003569512412 -329.038130488162 6.4517280487875 
4.16999999999996 130.333552008621 202.017005613363 -332.350557621985 6.51667760043108 
4.17999999999996 131.645619985303 204.050710977221 -335.696330962524 6.58228099926519 
4.18999999999996 132.9708965514 206.104889654671 -339.075786206071 6.64854482757002 
4.19999999999995 134.309514677792 208.179747750578 -342.489262428371 6.71547573388962 
4.20999999999995 135.661608673978 210.275493444666 -345.937102118645 6.78308043369892 
4.21999999999995 137.02731420155 212.392337012403 -349.419651213954 6.85136571007753 
4.22999999999995 138.406768287807 214.530490846101 -352.937259133908 6.92033841439036 
4.23999999999995 139.800109339499 216.690169476224 -356.490278815724 6.99000546697497 
4.24999999999995 141.20747715672 218.871589592916 -360.079066749637 7.06037385783601 
4.25999999999995 142.62901294693 221.074970067741 -363.703983014671 7.13145064734649 
4.26999999999995 144.064859339124 223.300531975642 -367.365391314767 7.20324296695621 
4.27999999999995 145.515160398145 225.548498617125 -371.06365901527 7.27575801990726 
4.28999999999995 146.980061639136 227.819095540661 -374.799157179797 7.3490030819568 
4.29999999999995 148.45971004214 230.112550565318 -378.572260607458 7.42298550210702 
4.30999999999995 149.954254066851 232.429093803619 -382.38334787047 7.49771270334256 
4.31999999999995 151.463843667504 234.768957684631 -386.232801352135 7.5731921833752 
4.32999999999995 152.988630307924 237.132376977283 -390.121007285208 7.64943151539623 
4.33999999999995 154.528766976725 239.519588813924 -394.048355790649 7.72643834883625 
4.34999999999995 156.084408202653 241.930832714113 -398.015240916767 7.80422041013268 
4.35999999999995 157.6557100701 244.366350608655 -402.022060678755 7.88278550350501 
4.36999999999995 159.242830234755 246.826386863871 -406.069217098627 7.96214151173778 
4.37999999999995 160.845927939431 249.311188306118 -410.15711624555 8.04229639697156 
4.38999999999995 162.465164030035 251.821004246555 -414.286168276591 8.12325820150179 
4.39999999999995 164.100700971713 254.356086506156 -418.45678747787 8.20503504858569 
4.40999999999995 165.752702865146 256.916689440977 -422.669392306124 8.28763514325733 
4.41999999999995 167.421335463017 259.503069967677 -426.924405430694 8.37106677315086 
4.42999999999995 169.106766186641 262.115487589294 -431.222253775935 8.45533830933206 
4.43999999999995 170.809164142764 264.754204421285 -435.56336856405 8.54045820713822 
4.44999999999995 172.52870014053 267.419485217822 -439.948185358353 8.62643500702653 
4.45999999999995 174.265546708619 270.11159739836 -444.377144106979 8.71327733543096 
4.46999999999995 176.019878112556 272.830811074462 -448.850689187019 8.80099390562781 
4.47999999999995 177.791870372198 275.577399076908 -453.369269449107 8.88959351860993 
4.48999999999995 179.581701279395 278.351636983063 -457.933338262458 8.97908506396977 
4.49999999999995 181.389550415826 281.153803144531 -462.543353560358 9.06947752079132 
4.50999999999995 183.21559917102 283.984178715082 -467.199777886103 9.16077995855103 
4.51999999999995 185.060030760554 286.84304767886 -471.903078439415 9.25300153802774 
4.52999999999995 186.923030244438 289.730696878879 -476.653727123317 9.3461515122219 
4.53999999999995 188.804784545678 292.647416045801 -481.452200591479 9.4402392272839 
4.54999999999995 190.705482469036 295.593497827007 -486.298980296044 9.53527412345183 
4.55999999999995 192.625314719973 298.569237815959 -491.194552535933 9.63126573599869 
4.56999999999995 194.56447392378 301.57493458186 -496.139408505641 9.72822369618904 
4.57999999999995 196.523154644908 304.610889699608 -501.134044344517 9.82615773224543 
4.58999999999995 198.501553406488 307.677407780056 -506.178961186545 9.92507767032441 
4.59999999999995 200.499868710049 310.774796500576 -511.274665210626 10.0249934355025 
4.60999999999995 202.518301055436 313.903366635926 -516.421667691363 10.1259150527718 
4.61999999999995 204.557052960926 317.063432089436 -521.620485050364 10.2278526480463 
4.62999999999995 206.616328983548 320.2553099245 -526.871638908049 10.3308164491774 
4.63999999999995 208.696335739606 323.47932039639 -532.175656135997 10.4348167869803 
4.64999999999995 210.79728192541 326.735786984386 -537.533068909797 10.5398640962705 
4.65999999999995 212.919378338218 330.025036424238 -542.944414762456 10.6459689169109 
4.66999999999994 215.062837897381 333.347398740942 -548.410236638324 10.7531418948691 
4.67999999999994 217.227875665713 336.703207281856 -553.93108294757 10.8613937832857 
4.68999999999994 219.414708871063 340.092798750149 -559.507507621213 10.9707354435532 
4.69999999999994 221.623556928114 343.516513238577 -565.140070166692 11.0811778464057 
4.70999999999994 223.854641460395 346.974694263614 -570.82933572401 11.1927320730198 
4.71999999999994 226.108186322523 350.467688799911 -576.575875122434 11.3054093161262 
4.72999999999994 228.384417622655 353.995847315116 -582.380264937772 11.4192208811328 
4.73999999999994 230.683563745183 357.559523805034 -588.243087550217 11.5341781872592 
4.74999999999994 233.005855373642 361.159075829145 -594.164931202788 11.6502927686821 
4.75999999999994 235.35152551386 364.794864546483 -600.146390060344 11.767576275693 
4.76999999999994 237.720809517334 368.467254751868 -606.188064269203 11.8860404758667 
4.77999999999994 240.113945104846 372.176614912512 -612.290560017358 12.0056972552423 
4.78999999999994 242.531172390311 375.923317204983 -618.454489595295 12.1265586195156 
4.79999999999994 244.972733904874 379.707737552555 -624.68047145743 12.2486366952437 
4.80999999999994 247.438874621238 383.53025566292 -630.969130284159 12.3719437310619 
4.81999999999994 249.929841978249 387.391255066287 -637.321097044537 12.4964920989125 
4.82999999999994 252.445885905719 391.291123153865 -643.737009059585 12.622294295286 
4.83999999999994 254.987258849503 395.230251216731 -650.217510066236 12.7493629424752 
4.84999999999994 257.554215796831 399.209034485088 -656.76325028192 12.8777107898416 
4.85999999999994 260.147014301886 403.227872167924 -663.374886469811 13.0073507150943 
4.86999999999994 262.765914511652 407.287167493062 -670.053082004715 13.1382957255826 
4.87999999999994 265.411179192013 411.38732774762 -676.798506939634 13.2705589596007 
4.88999999999994 268.083073754115 415.528764318878 -683.611838072994 13.4041536877058 
4.89999999999994 270.781866281 419.71189273555 -690.493759016552 13.53909331405 
4.90999999999994 273.507827554502 423.937132709479 -697.444960263983 13.6753913777251 
4.91999999999994 276.261231082417 428.204908177746 -704.466139260164 13.8130615541209 
4.92999999999994 279.042353125941 432.515647345209 -711.558000471152 13.9521176562971 
4.93999999999994 281.851472727395 436.869782727463 -718.72125545486 14.0925736363698 
4.94999999999994 284.688871738218 441.267751194239 -725.956622932458 14.2344435869109 
4.95999999999994 287.554834847247 445.709994013234 -733.264828860483 14.3777417423624 
4.96999999999994 290.449649609284 450.19695689439 -740.646606503675 14.5224824804642 
4.97999999999994 293.373606473942 454.72909003461 -748.102696508553 14.6686803236971 
4.98999999999994 296.326998814793 459.30684816293 -755.633846977724 14.8163499407397 
4.99999999999994 299.310122958801 463.930690586142 -763.240813544944 14.9655061479401 
