0 0.628318530717959 0.587785252292473 -0.809016994374947
0.1 0.600448692980511 0.565012738841153 -0.825082180723362
0.2 0.522913229571669 0.499406182278645 -0.866367973266481
0.3 0.406585154106099 0.395475183671403 -0.918476662251181
0.4 0.264840429484365 0.261755264507711 -0.965134281591167
0.5 0.112501661499193 0.112264496432577 -0.993678359853298
0.6 -0.0356004776352038 -0.0355929581397225 -0.999366369921894
0.7 -0.166219134908343 -0.16545478568054 -0.986217376593724
0.8 -0.26903089153898 -0.265797313051642 -0.964028935444641
0.9 -0.337413702136752 -0.331047735145608 -0.943614008509286
1 -0.368615912938283 -0.36032466378789 -0.932826959658727
1.1 -0.363480462845796 -0.35552944716478 -0.934665080228584
1.2 -0.325932457342759 -0.320192290791402 -0.947352572655901
1.3 -0.262355771037873 -0.259356429954081 -0.96578167421083
1.4 -0.180883350497801 -0.179898582279473 -0.983685163095304
1.5 -0.0905862387484992 -0.090462399803789 -0.995899871584357
1.6 -0.00058200388338854 -0.000582003850531655 -0.999999830635745
1.7 0.0808483526029034 0.080760304432472 -0.996733551771974
1.8 0.147006087100676 0.146477172666397 -0.989214050591508
1.9 0.193276007453384 0.192074928978491 -0.981380263535959
2 0.217343436374522 0.215636322405362 -0.976473745914088
2.1 0.219153970161054 0.217403906716758 -0.976081728824124
2.2 0.200676626576419 0.199332424359943 -0.979931928553605
2.3 0.165529240226869 0.164774360237136 -0.98633128826396
2.4 0.118508801260885 0.118231599751216 -0.992986046639261
2.5 0.0650602622226446 0.065014373680319 -0.997884327572568
2.6 0.0107225049143992 0.0107222994507416 -0.999942514494953
2.7 -0.039398102139371 -0.0393879105727198 -0.999223995158601
2.8 -0.081071419034258 -0.0809826402177721 -0.996715512061169
2.9 -0.111259701005183 -0.111030300901083 -0.993817021529524
3 -0.128283799999796 -0.127932234024433 -0.99178291147686
3.1 -0.131841406484884 -0.131459790308866 -0.991321503616233
3.2 -0.122896772409248 -0.122587641661188 -0.992457691849858
3.3 -0.103469270719313 -0.10328474774965 -0.994651828974486
3.4 -0.0763498398736842 -0.0762756838287693 -0.9970867665637
3.5 -0.0447746010405326 -0.0447596421153173 -0.998997785001403
3.6 -0.0120860464273965 -0.0120857521896727 -0.999926964629922
3.7 0.0185868837765338 0.0185858135862648 -0.999827268848643
3.8 0.0446004263260972 0.0445856412833399 -0.999005565846033
3.9 0.0639962364930677 0.0639525624779558 -0.99795293964821
4 0.0756170839221926 0.0755450421543989 -0.99714239033645
4.1 0.0791357700326485 0.0790531983264378 -0.996870398715079
4.2 0.0750043562587862 0.0749340512845818 -0.99718849168955
4.3 0.0643372359531985 0.0642928601667944 -0.997931073838055
4.4 0.0487453560352554 0.0487260542760511 -0.998812180359595
4.5 0.030140858313564 0.0301362948365355 -0.99954579871736
4.6 0.0105321525074552 0.0105319577931953 -0.999944537394471
4.7 -0.008171084572191 -0.00817099364654057 -0.999966616874198
4.8 -0.0243256293483025 -0.0243232303598614 -0.999704146467774
4.9 -0.0366816941176823 -0.0366734685157885 -0.999327302092273
5 -0.0444609503660096 -0.044446303589688 -0.999011774754038
5.1 -0.0473830838970032 -0.0473653554797047 -0.998877631694834
5.2 -0.0456436507311948 -0.0456278038197635 -0.998958509407966
5.3 -0.0398502347923488 -0.0398396883272617 -0.999206084466056
5.4 -0.0309268834666053 -0.0309219535854053 -0.999521802056594
5.5 -0.0199985636956788 -0.0199972306762425 -0.999800035389718
5.6 -0.0082680422941484 -0.00826794809318729 -0.999965819933026
5.7 0.00310280014674164 0.00310279516811051 -0.999995186319487
5.8 0.0130966303103441 0.0130962559207834 -0.999914240363071
5.9 0.0209210324324951 0.0209195063128478 -0.999781163183037
5.99999999999999 0.0260602924260346 0.0260573427667307 -0.999660449796798
6.09999999999999 0.0282965350279999 0.0282927590353679 -0.999599679764938
6.19999999999999 0.0277012533019269 0.0276977106348432 -0.999616344817145
6.29999999999999 0.0246009177115677 0.0245984363529639 -0.999697412684953
6.39999999999999 0.0195223553402961 0.0195211152962432 -0.999809444873167
6.49999999999999 0.0131248671785882 0.0131244903622192 -0.999913870167192
6.59999999999999 0.00612659063336518 0.00612655230639204 -0.999981232502309
6.69999999999999 -0.000767557056088652 -0.000767556980721737 -0.999999705428097
6.79999999999999 -0.00692983720879733 -0.00692978174407994 -0.99997598877422
6.89999999999999 -0.0118603859546719 -0.01186010789234 -0.999929666446987
6.99999999999999 -0.0152212078496504 -0.0152206201017751 -0.999884159652366
7.09999999999999 -0.0168519179699258 -0.0168511203599222 -0.999858009790698
7.19999999999999 -0.0167675364328421 -0.0167667507442987 -0.999859428154517
7.29999999999999 -0.0151402744994807 -0.015139696077192 -0.999885388233417
7.39999999999999 -0.0122685387888231 -0.0122682310204405 -0.999924742421963
7.49999999999999 -0.0085372423697041 -0.00853713866463142 -0.9999635579677
7.59999999999999 -0.00437391814466139 -0.00437390419832014 -0.999990434435282
7.69999999999999 -0.000205089644104491 -0.000205089642666753 -0.999999978969119
7.79999999999999 0.00358308997625381 0.00358308230932178 -0.999993580739979
7.89999999999999 0.00667669415843371 0.00667664455265974 -0.999977710960358
7.99999999999999 0.00885614185115657 0.00885602608523352 -0.999960784632066
8.09999999999999 0.0100074645975066 0.0100072975581678 -0.999949925744076
8.19999999999999 0.0101227216511349 0.0101225487736603 -0.999948765690685
8.29999999999999 0.00929056820233748 0.00929043455087885 -0.999956842981664
8.39999999999999 0.00767879500610301 0.00767871954438462 -0.999970518198491
8.49999999999999 0.00551122370892157 0.00551119580969202 -0.999984813245055
8.59999999999999 0.00304163426474862 0.00304162957478445 -0.999995374234066
8.69999999999999 0.000527419060294411 0.000527419035842309 -0.999999860914571
8.79999999999998 -0.0017945733085792 -0.00179457234534411 -0.999998389753752
8.89999999999998 -0.00372797909670661 -0.00372797046157714 -0.999993051093975
8.99999999999998 -0.00513120360463873 -0.00513118108787759 -0.999986835403668
9.09999999999998 -0.00592526890132366 -0.00592523422985965 -0.999982445645583
9.19999999999998 -0.00609511642196259 -0.00609507868265227 -0.999981424835408
9.29999999999998 -0.00568487204527823 -0.00568484142492968 -0.999983841158433
9.39999999999998 -0.0047880908806943 -0.00478807258556822 -0.999988537114759
9.49999999999998 -0.00353436537238671 -0.00353435801399658 -0.999993754137209
9.59999999999998 -0.00207388373072515 -0.00207388224409865 -0.999997849503906
9.69999999999998 -0.000561563166400608 -0.000561563136885486 -0.999999842323409
9.79999999999998 0.000857733718449432 0.000857733613275967 -0.999999632146457
9.89999999999998 0.00206163552943337 0.00206163406899132 -0.999997874830225
9.99999999999998 0.00295942597774103 0.00295942165786777 -0.999995620902137
10.1 0.00349740096380232 0.00349739383388062 -0.999993884099483
10.2 0.00366028825641689 0.00366028008317553 -0.999993301152419
10.3 0.00346897602266795 0.00346896906518129 -0.999993983108711
10.4 0.00297511427461662 0.00297510988567795 -0.999995574350791
10.5 0.00225338838699371 0.00225338647996692 -0.999997461121463
10.6 0.00139240248419051 0.00139240203426245 -0.999999030607818
10.7 0.00048514917448325 0.000485149155451679 -0.999999882315142
10.8 -0.000380013179580916 -0.000380013170434631 -0.999999927794993
10.9 -0.00112708965430797 -0.00112708941567848 -0.999999364834523
11 -0.0016982933933145 -0.00169829257694485 -0.999998557900122
11.1 -0.00205764564330479 -0.00205764419132553 -0.99999788304795
11.2 -0.00219221335089152 -0.00219221159500235 -0.999997597101274
11.3 -0.00211109632980056 -0.00211109476170399 -0.999997771636971
11.4 -0.0018424734404104 -0.00184247239796724 -0.999998302646291
11.5 -0.00142916708613322 -0.00142916659961655 -0.999998978740894
11.6 -0.000923278341157915 -0.000923278209984243 -0.999999573778583
11.7 -0.000380478042637663 -0.000380478033457772 -0.99999992761823
11.8 0.000145485095576339 0.000145485095063118 -0.999999989417043
11.9 0.000607572133822043 0.000607572096441786 -0.999999815428057
12 0.000969161947932329 0.000969161796214091 -0.999999530362596
12.1 0.00120644013881305 0.00120643984615124 -0.999999272251184
12.2 0.00130937427978293 0.00130937390563777 -0.99999914276962
12.3 0.00128132080683889 0.00128132045623046 -0.999999179108607
12.4 0.00113743109147293 0.00113743084621446 -0.999999353125326
12.5 0.000902119250092203 0.000902119127731889 -0.999999593090457
12.6 0.000605915862865553 0.000605915825790164 -0.999999816432989
12.7 0.00028205750292611 0.000282057499186196 -0.999999960221783
12.8 -3.68471245315171e-05 -3.68471245231791e-05 -0.999999999321145
12.9 -0.000321773385996183 -0.000321773380443548 -0.999999948230945
13 -0.000549622009316964 -0.00054962198164493 -0.999999848957827
13.1 -0.000704787826935566 -0.000704787768587841 -0.99999975163707
13.2 -0.000779884914985854 -0.000779884835928861 -0.999999695889775
13.3 -0.000775641919226403 -0.00077564184145274 -0.999999699189822
13.4 -0.000700056797029619 -0.000700056739849037 -0.999999754960251
13.5 -0.000566960156375726 -0.00056696012600142 -0.999999839278095
13.6 -0.000394176777666389 -0.000394176767458832 -0.999999922312335
13.7 -0.000201493899218072 -0.000201493897854637 -0.999999979700104
13.8 -8.64272800876365e-06 -8.64272800865606e-06 -0.999999999962652
13.9 0.000166521376690652 0.000166521375921063 -0.999999986135316
14 0.00030949075326284 0.000309490748322103 -0.999999952107737
14.1 0.000410126526620812 0.000410126515123341 -0.999999915898117
14.2 0.000463177692050715 0.000463177675489521 -0.999999892733215
14.3 0.000468298299373703 0.000468298282257143 -0.999999890348353
14.4 0.000429609259821888 0.000429609246606813 -0.999999907717943
14.5 0.000354888961862646 0.000354888954413161 -0.999999937026913
14.6 0.000254503148076989 0.000254503145329549 -0.999999967614074
14.7 0.000140198036233402 0.000140198035774125 -0.999999990172255
14.8 2.38814330725921e-05 2.38814330703221e-05 -0.999999999714839
14.9 -8.34942581241624e-05 -8.3494258027152e-05 -0.999999996514354
15 -0.000172853578881256 -0.000172853578020492 -0.99999998506082
15.1 -0.000237657596507096 -0.000237657594269901 -0.999999971759434
15.2 -0.000274265623008697 -0.000274265619570246 -0.999999962389184
15.3 -0.000281994164837 -0.000281994161099604 -0.999999960239646
15.4 -0.000262896673710821 -0.000262896670682485 -0.99999996544267
15.5 -0.000221311235939255 -0.000221311234132667 -0.999999975510669
15.6 -0.000163240285344589 -0.000163240284619601 -0.999999986676305
15.7 -9.56358199578557e-05 -9.56358198120715e-05 -0.999999995426895
15.8 -2.56653000580715e-05 -2.56653000552538e-05 -0.999999999670646
15.9 3.99720142768476e-05 3.99720142662033e-05 -0.999999999201119
16 9.56198806511351e-05 9.56198805054238e-05 -0.999999995428419
16.1 0.000137088308531593 0.000137088308102205 -0.999999990603398
16.2 0.000161900590507454 0.00016190058980017 -0.999999986894099
16.3 0.000169358170263897 0.000169358169454303 -0.999999985658905
16.4 0.000160434808839676 0.000160434808151429 -0.999999987130336
16.5 0.000137526202386698 0.000137526201953182 -0.999999990543272
16.6 0.000104092068721091 0.000104092068533115 -0.999999994582421
16.7 6.42341184142636e-05 6.42341183700917e-05 -0.999999997936989
16.8 2.22550952203995e-05 2.22550952185624e-05 -0.999999999752355
16.9 -1.7758509597448e-05 -1.77585095965146e-05 -0.999999999842318
17 -5.22937384056332e-05 -5.22937383817992e-05 -0.999999998632682
17.1 -7.8681146358306e-05 -7.86811462771238e-05 -0.999999996904639
17.2 -9.52608734986744e-05 -9.52608733545982e-05 -0.999999995462683
17.3 -0.000101439408146456 -0.000101439407972488 -0.999999994855023
17.4 -9.7642269051378e-05 -9.76422688962242e-05 -0.999999995232994
17.5 -8.51769604715447e-05 -8.51769603685499e-05 -0.999999996372443
17.6 -6.60274783407354e-05 -6.60274782927595e-05 -0.999999997820186
17.7 -4.26059376803278e-05 -4.26059376674376e-05 -0.999999999092367
17.8 -1.74884066733261e-05 -1.74884066724346e-05 -0.999999999847078
17.9 6.8391026408329e-06 6.83910264077958e-06 -0.999999999976613
18 2.8201964143893e-05 2.82019641401546e-05 -0.999999999602325
18.1 4.49082469469232e-05 4.49082469318284e-05 -0.999999998991625
18.2 5.58589525960252e-05 5.58589525669765e-05 -0.999999998439889
18.3 6.05928372689362e-05 6.05928372318585e-05 -0.999999998164254
18.4 5.92679434194814e-05 5.92679433847831e-05 -0.999999998243655
18.5 5.2587616216472e-05 5.25876161922339e-05 -0.999999998617271
18.6 4.16831700840966e-05 4.1683170072026e-05 -0.999999999131257
18.7 2.79682144715086e-05 2.79682144678624e-05 -0.99999999960889
18.8 1.29808308114034e-05 1.29808308110388e-05 -0.999999999915749
18.9 -1.77063572314148e-06 -1.77063572314055e-06 -0.999999999998432
19 -1.49442515175793e-05 -1.4944251517023e-05 -0.999999999888335
19.1 -2.54726747476472e-05 -2.54726747448925e-05 -0.999999999675571
19.2 -3.2635565107033e-05 -3.26355651012398e-05 -0.99999999946746
19.3 -3.60929538742822e-05 -3.60929538664458e-05 -0.999999999348649
19.4 -3.58802298094334e-05 -3.58802298017348e-05 -0.999999999356305
19.5 -3.23688841701923e-05 -3.236888416454e-05 -0.999999999476128
19.6 -2.61999283344231e-05 -2.61999283314257e-05 -0.999999999656782
19.7 -1.81987626488398e-05 -1.81987626478352e-05 -0.999999999834402
19.8 -9.28114942213165e-06 -9.2811494219984e-06 -0.99999999995693
19.9 -3.59840550074457e-07 -3.59840550074449e-07 -0.999999999999935
20 7.73956579609324e-06 7.73956579601597e-06 -0.99999999997005
20.1 1.4346640636002e-05 1.43466406355099e-05 -0.999999999897087
20.2 1.89932661972209e-05 1.89932661960789e-05 -0.999999999819628
20.3 2.14375446359767e-05 2.14375446343347e-05 -0.999999999770216
20.4 2.16644889666986e-05 2.16644889650039e-05 -0.999999999765325
20.5 1.98656579243857e-05 1.9865657923079e-05 -0.999999999802678
20.6 1.64016370029713e-05 1.64016370022359e-05 -0.999999999865493
20.7 1.17524806199273e-05 1.17524806196568e-05 -0.99999999993094
20.8 6.46185366941716e-06 6.46185366937219e-06 -0.999999999979122
20.9 1.08064348430296e-06 1.08064348430275e-06 -0.999999999999416
21 -3.88469098898952e-06 -3.88469098897975e-06 -0.999999999992455
21.1 -8.0147090741764e-06 -8.01470907409059e-06 -0.999999999967882
21.2 -1.10074462078533e-05 -1.10074462076311e-05 -0.999999999939418
21.3 -1.26950852794406e-05 -1.26950852790996e-05 -0.999999999919417
21.4 -1.30466208885539e-05 -1.30466208881837e-05 -0.999999999914893
21.5 -1.2157612775601e-05 -1.21576127753015e-05 -0.999999999926096
21.6 -1.02292138798323e-05 -1.02292138796539e-05 -0.999999999947682
21.7 -7.53944110779251e-06 -7.53944110772108e-06 -0.999999999971578
21.8 -4.4100899464911e-06 -4.4100899464768e-06 -0.999999999990276
21.9 -1.17277098142143e-06 -1.17277098142116e-06 -0.999999999999312
22 1.86270579812146e-06 1.86270579812038e-06 -0.999999999998265
22.1 4.43489943051943e-06 4.43489943050489e-06 -0.999999999990166
22.2 6.35028532831546e-06 6.35028532827278e-06 -0.999999999979837
22.3 7.49464639504429e-06 7.49464639497413e-06 -0.999999999971915
22.4 7.83603605382835e-06 7.83603605374816e-06 -0.999999999969298
22.5 7.41984700901805e-06 7.41984700894997e-06 -0.999999999972473
22.6000000000001 6.35719863042767e-06 6.35719863038485e-06 -0.999999999979793
22.7000000000001 4.80835762772322e-06 4.80835762770469e-06 -0.99999999998844
22.8000000000001 2.96320174939389e-06 2.96320174938956e-06 -0.99999999999561
22.9000000000001 1.02081711718749e-06 1.02081711718731e-06 -0.999999999999479
23.0000000000001 -8.2980045626271e-07 -8.29800456262615e-07 -0.999999999999656
23.1000000000001 -2.42626081593596e-06 -2.42626081593358e-06 -0.999999999997057
23.2000000000001 -3.64525057492829e-06 -3.64525057492022e-06 -0.999999999993356
23.3000000000001 -4.41019405435453e-06 -4.41019405434024e-06 -0.999999999990275
23.4000000000001 -4.69385649475117e-06 -4.69385649473394e-06 -0.999999999988984
23.5000000000001 -4.51613356459616e-06 -4.51613356458081e-06 -0.999999999989802
23.6000000000001 -3.93769307932477e-06 -3.9376930793146e-06 -0.999999999992247
23.7000000000001 -3.0504546915064e-06 -3.05045469150167e-06 -0.999999999995347
23.8000000000001 -1.9660913144732e-06 -1.96609131447194e-06 -0.999999999998067
23.9000000000001 -8.03805562015897e-07 -8.0380556201581e-07 -0.999999999999677
24.0000000000001 3.21418588919692e-07 3.21418588919687e-07 -0.999999999999948
24.1000000000001 1.30904771571031e-06 1.30904771570994e-06 -0.999999999999143
24.2000000000001 2.08091333179545e-06 2.08091333179395e-06 -0.999999999997835
24.3000000000001 2.58629878901267e-06 2.58629878900978e-06 -0.999999999996656
24.4000000000001 2.80399918868885e-06 2.80399918868518e-06 -0.999999999996069
24.5000000000001 2.74145391911414e-06 2.74145391911071e-06 -0.999999999996242
24.6000000000001 2.43131267732265e-06 2.43131267732026e-06 -0.999999999997044
24.7000000000001 1.92599865085802e-06 1.92599865085683e-06 -0.999999999998145
24.8000000000001 1.29096376958348e-06 1.29096376958313e-06 -0.999999999999167
24.9000000000001 5.9738531100837e-07 5.97385311008335e-07 -0.999999999999822
25.0000000000001 -8.49670068117913e-08 -8.49670068117912e-08 -0.999999999999996
25.1000000000001 -6.94049975420277e-07 -6.94049975420221e-07 -0.999999999999759
25.2000000000001 -1.18054539527035e-06 -1.18054539527008e-06 -0.999999999999303
25.3000000000001 -1.51120232745693e-06 -1.51120232745635e-06 -0.999999999998858
25.4000000000001 -1.67037269744028e-06 -1.6703726974395e-06 -0.999999999998605
25.5000000000001 -1.65977138715011e-06 -1.65977138714935e-06 -0.999999999998623
25.6000000000001 -1.49665320652205e-06 -1.49665320652149e-06 -0.99999999999888
25.7000000000001 -1.21072713578983e-06 -1.21072713578953e-06 -0.999999999999267
25.8000000000001 -8.40214323118117e-07 -8.40214323118019e-07 -0.999999999999647
25.9000000000001 -4.27496561734954e-07 -4.27496561734941e-07 -0.999999999999909
26.0000000000001 -1.47970298384594e-08 -1.47970298384594e-08 -1
26.1000000000001 3.59710256786439e-07 3.59710256786431e-07 -0.999999999999935
26.2000000000001 6.65043489865606e-07 6.65043489865557e-07 -0.999999999999779
26.3000000000001 8.79589526630877e-07 8.79589526630764e-07 -0.999999999999613
26.4000000000001 9.92205088952397e-07 9.92205088952234e-07 -0.999999999999508
26.5000000000001 1.00224391322316e-06 1.00224391322299e-06 -0.999999999999498
26.6000000000001 9.18610296963224e-07 9.18610296963095e-07 -0.999999999999578
26.7000000000001 7.58019920246378e-07 7.58019920246306e-07 -0.999999999999713
26.8000000000001 5.42704810346945e-07 5.42704810346919e-07 -0.999999999999853
26.9000000000001 2.97828030186765e-07 2.97828030186761e-07 -0.999999999999956
27.0000000000001 4.88750641367664e-08 4.88750641367664e-08 -0.999999999999999
27.1000000000001 -1.80734561564463e-07 -1.80734561564462e-07 -0.999999999999984
27.2000000000001 -3.71615604042979e-07 -3.71615604042971e-07 -0.999999999999931
27.3000000000001 -5.09823565584212e-07 -5.0982356558419e-07 -0.99999999999987
27.4000000000001 -5.87623050400593e-07 -5.87623050400559e-07 -0.999999999999827
27.5000000000001 -6.03608109581806e-07 -6.03608109581769e-07 -0.999999999999818
27.6000000000001 -5.62225559845549e-07 -5.62225559845519e-07 -0.999999999999842
27.7000000000001 -4.7280260072279e-07 -4.72802600722773e-07 -0.999999999999888
27.8000000000001 -3.48216195586461e-07 -3.48216195586454e-07 -0.999999999999939
27.9000000000001 -2.03361642382851e-07 -2.0336164238285e-07 -0.999999999999979
28.0000000000001 -5.3581244689339e-08 -5.35812446893389e-08 -0.999999999999999
28.1000000000001 8.67977402045887e-08 8.67977402045886e-08 -0.999999999999996
28.2000000000001 2.05691107845347e-07 2.05691107845345e-07 -0.999999999999979
28.3000000000001 2.94160509422966e-07 2.94160509422962e-07 -0.999999999999957
28.4000000000001 3.46938713007546e-07 3.46938713007539e-07 -0.99999999999994
28.5000000000001 3.62564926003068e-07 3.6256492600306e-07 -0.999999999999934
28.6000000000001 3.43155040328493e-07 3.43155040328486e-07 -0.999999999999941
28.7000000000001 2.93863049216262e-07 2.93863049216258e-07 -0.999999999999957
28.8000000000001 2.22113059966021e-07 2.22113059966019e-07 -0.999999999999975
28.9000000000001 1.36694933906721e-07 1.36694933906721e-07 -0.999999999999991
29.0000000000001 4.68202817598247e-08 4.68202817598247e-08 -0.999999999999999
29.1000000000001 -3.87700624549246e-08 -3.87700624549246e-08 -0.999999999999999
29.2000000000001 -1.125694627096e-07 -1.125694627096e-07 -0.999999999999994
29.3000000000001 -1.68881554901482e-07 -1.68881554901481e-07 -0.999999999999986
29.4000000000001 -2.04173644066329e-07 -2.04173644066328e-07 -0.999999999999979
29.5000000000001 -2.17196080316035e-07 -2.17196080316033e-07 -0.999999999999976
29.6000000000002 -2.08879003991207e-07 -2.08879003991206e-07 -0.999999999999978
29.7000000000002 -1.82037352554569e-07 -1.82037352554568e-07 -0.999999999999983
29.8000000000002 -1.40929796700961e-07 -1.4092979670096e-07 -0.99999999999999
29.9000000000002 -9.07264074377277e-08 -9.07264074377276e-08 -0.999999999999996
30.0000000000002 -3.69430452610184e-08 -3.69430452610184e-08 -0.999999999999999
30.1000000000002 1.51020181326578e-08 1.51020181326578e-08 -1
30.2000000000002 6.07611129077922e-08 6.07611129077921e-08 -0.999999999999998
30.3000000000002 9.6422809152836e-08 9.64228091528359e-08 -0.999999999999995
30.4000000000002 1.19746650359282e-07 1.19746650359281e-07 -0.999999999999993
30.5000000000002 1.29757817265571e-07 1.29757817265571e-07 -0.999999999999992
30.6000000000002 1.26806392368007e-07 1.26806392368007e-07 -0.999999999999992
30.7000000000002 1.12407972494791e-07 1.12407972494791e-07 -0.999999999999994
30.8000000000002 8.89917470567915e-08 8.89917470567914e-08 -0.999999999999996
30.9000000000002 5.95882156393506e-08 5.95882156393505e-08 -0.999999999999998
31.0000000000002 2.74912179761943e-08 2.74912179761943e-08 -1
31.1000000000002 -4.07199820980485e-09 -4.07199820980485e-09 -1
31.2000000000002 -3.22329224323635e-08 -3.22329224323635e-08 -0.999999999999999
31.3000000000002 -5.47127377744096e-08 -5.47127377744095e-08 -0.999999999999999
31.4000000000002 -6.99765897881816e-08 -6.99765897881816e-08 -0.999999999999998
31.5000000000002 -7.73042488833709e-08 -7.73042488833708e-08 -0.999999999999997
31.6000000000002 -7.67786441970431e-08 -7.6778644197043e-08 -0.999999999999997
31.7000000000002 -6.92012023581061e-08 -6.9201202358106e-08 -0.999999999999998
31.8000000000002 -5.59488389447664e-08 -5.59488389447664e-08 -0.999999999999998
31.9000000000002 -3.87914244119951e-08 -3.87914244119951e-08 -0.999999999999999
32.0000000000002 -1.96903982400073e-08 -1.96903982400073e-08 -1
32.1000000000002 -5.98967125278201e-10 -5.98967125278201e-10 -1
32.2000000000002 1.67177824519668e-08 1.67177824519668e-08 -1
32.3000000000002 3.0828126210089e-08 3.0828126210089e-08 -1
32.4000000000002 4.07341844249031e-08 4.07341844249031e-08 -0.999999999999999
32.5000000000002 4.59226404071517e-08 4.59226404071517e-08 -0.999999999999999
32.6000000000002 4.63657738307876e-08 4.63657738307875e-08 -0.999999999999999
32.7000000000002 4.2477476100564e-08 4.2477476100564e-08 -0.999999999999999
32.8000000000002 3.50326318315272e-08 3.50326318315272e-08 -0.999999999999999
32.9000000000002 2.50608355517329e-08 2.50608355517329e-08 -1
33.0000000000002 1.37267353078507e-08 1.37267353078507e-08 -1
33.1000000000002 2.20935362961241e-09 2.20935362961241e-09 -1
33.2000000000002 -8.40835299769304e-09 -8.40835299769304e-09 -1
33.3000000000002 -1.72304615753787e-08 -1.72304615753787e-08 -1
33.4000000000002 -2.36130288994533e-08 -2.36130288994533e-08 -1
33.5000000000002 -2.71995033975455e-08 -2.71995033975455e-08 -1
33.6000000000002 -2.79261579571059e-08 -2.79261579571059e-08 -1
33.7000000000002 -2.59999149553618e-08 -2.59999149553618e-08 -1
33.8000000000002 -2.18532611913979e-08 -2.18532611913979e-08 -1
33.9000000000002 -1.60826193460822e-08 -1.60826193460822e-08 -1
34.0000000000002 -9.37746261002684e-09 -9.37746261002684e-09 -1
34.1000000000002 -2.4476169096148e-09 -2.4476169096148e-09 -1
34.2000000000002 4.04435080347475e-09 4.04435080347475e-09 -1
34.3000000000002 9.53989148843278e-09 9.53989148843278e-09 -1
34.4000000000002 1.36261701675253e-08 1.36261701675253e-08 -1
34.5000000000002 1.60602861985249e-08 1.60602861985249e-08 -1
34.6000000000002 1.67754524523847e-08 1.67754524523847e-08 -1
34.7000000000002 1.58702912096263e-08 1.58702912096263e-08 -1
34.8000000000002 1.35838553486884e-08 1.35838553486884e-08 -1
34.9000000000002 1.02600537910226e-08 1.02600537910226e-08 -1
35.0000000000002 6.3057876388194e-09 6.3057876388194e-09 -1
35.1000000000002 2.14727240718631e-09 2.14727240718631e-09 -1
35.2000000000002 -1.81123946451497e-09 -1.81123946451497e-09 -1
35.3000000000002 -5.22274763741227e-09 -5.22274763741227e-09 -1
35.4000000000002 -7.82411415761698e-09 -7.82411415761698e-09 -1
35.5000000000002 -9.45236541731479e-09 -9.45236541731479e-09 -1
35.6000000000002 -1.00501659659894e-08 -1.00501659659894e-08 -1
35.7000000000002 -9.66099580699952e-09 -9.66099580699952e-09 -1
35.8000000000002 -8.41546430661819e-09 -8.41546430661819e-09 -1
35.9000000000002 -6.51087635039487e-09 -6.51087635039487e-09 -1
36.0000000000002 -4.18658776323398e-09 -4.18658776323398e-09 -1
36.1000000000002 -1.69783331734197e-09 -1.69783331734197e-09 -1
36.2000000000002 7.09405279326845e-10 7.09405279326845e-10 -1
36.3000000000002 2.82026633031835e-09 2.82026633031835e-09 -1
36.4000000000002 4.4679002711662e-09 4.4679002711662e-09 -1
36.5000000000002 5.54430128117706e-09 5.54430128117706e-09 -1
36.6000000000003 6.0046573896432e-09 6.0046573896432e-09 -1
36.7000000000003 5.86543799185458e-09 5.86543799185458e-09 -1
36.8000000000003 5.19699601087693e-09 5.19699601087693e-09 -1
36.9000000000003 4.11189484522663e-09 4.11189484522663e-09 -1
37.0000000000003 2.75044970787083e-09 2.75044970787083e-09 -1
37.1000000000003 1.26508784566956e-09 1.26508784566956e-09 -1
37.2000000000003 -1.94912419933653e-10 -1.94912419933653e-10 -1
37.3000000000003 -1.49692846663377e-09 -1.49692846663377e-09 -1
37.4000000000003 -2.53566470291404e-09 -2.53566470291404e-09 -1
37.5000000000003 -3.2402731350704e-09 -3.2402731350704e-09 -1
37.6000000000003 -3.57760487205597e-09 -3.57760487205597e-09 -1
37.7000000000003 -3.55166268046742e-09 -3.55166268046742e-09 -1
37.8000000000003 -3.19966939367769e-09 -3.19966939367769e-09 -1
37.9000000000003 -2.58544025853357e-09 -2.58544025853357e-09 -1
38.0000000000003 -1.79093073665241e-09 -1.79093073665241e-09 -1
38.1000000000003 -9.06916509628328e-10 -9.06916509628328e-10 -1
38.2000000000003 -2.37509976842547e-11 -2.37509976842547e-11 -1
38.3000000000003 7.76952085413526e-10 7.76952085413526e-10 -1
38.4000000000003 1.42903042936429e-09 1.42903042936429e-09 -1
38.5000000000003 1.88641215268537e-09 1.88641215268537e-09 -1
38.6000000000003 2.12545171914004e-09 2.12545171914004e-09 -1
38.7000000000003 2.14496744095493e-09 2.14496744095493e-09 -1
38.8000000000003 1.96419742352027e-09 1.96419742352027e-09 -1
38.9000000000003 1.61906256826083e-09 1.61906256826083e-09 -1
39.0000000000003 1.15724459937042e-09 1.15724459937042e-09 -1
39.1000000000003 6.32648000291252e-10 6.32648000291252e-10 -1
39.2000000000003 9.98172028533938e-11 9.98172028533938e-11 -1
39.3000000000003 -3.9117025718876e-10 -3.9117025718876e-10 -1
39.4000000000003 -7.98907847749628e-10 -7.98907847749628e-10 -1
39.5000000000003 -1.09365905596985e-09 -1.09365905596985e-09 -1
39.6000000000003 -1.25898941416706e-09 -1.25898941416706e-09 -1
39.7000000000003 -1.29201160800384e-09 -1.29201160800384e-09 -1
39.8000000000003 -1.20235394243933e-09 -1.20235394243933e-09 -1
39.9000000000003 -1.01006996278719e-09 -1.01006996278719e-09 -1
40.0000000000003 -7.42784096208991e-10 -7.42784096208991e-10 -1
40.1000000000003 -4.32410583510859e-10 -4.32410583510859e-10 -1
40.2000000000003 -1.11790112462309e-10 -1.11790112462309e-10 -1
40.3000000000003 1.8843683827566e-10 1.8843683827566e-10 -1
40.4000000000003 4.42453411789579e-10 4.42453411789579e-10 -1
40.5000000000003 6.31192110200215e-10 6.31192110200215e-10 -1
40.6000000000003 7.43451599503852e-10 7.43451599503852e-10 -1
40.7000000000003 7.76178818202713e-10 7.76178818202713e-10 -1
40.8000000000003 7.33970307187026e-10 7.33970307187026e-10 -1
40.9000000000003 6.27913733884524e-10 6.27913733884524e-10 -1
41.0000000000003 4.73940021047412e-10 4.73940021047412e-10 -1
41.1000000000003 2.9088542548489e-10 2.9088542548489e-10 -1
41.2000000000003 9.8470633358827e-11 9.8470633358827e-11 -1
41.3000000000003 -8.4608234380472e-11 -8.4608234380472e-11 -1
41.4000000000003 -2.42310847140055e-10 -2.42310847140055e-10 -1
41.5000000000003 -3.62481854637899e-10 -3.62481854637899e-10 -1
41.6000000000003 -4.37602877181071e-10 -4.37602877181071e-10 -1
41.7000000000003 -4.65043479177128e-10 -4.65043479177128e-10 -1
41.8000000000003 -4.46835937206074e-10 -4.46835937206074e-10 -1
41.9000000000003 -3.89040285810826e-10 -3.89040285810826e-10 -1
42.0000000000003 -3.00797651507925e-10 -3.00797651507925e-10 -1
42.1000000000003 -1.93189324458798e-10 -1.93189324458798e-10 -1
42.2000000000003 -7.80257284071415e-11 -7.80257284071415e-11 -1
42.3000000000003 3.33159678468637e-11 3.33159678468637e-11 -1
42.4000000000003 1.30902736255304e-10 1.30902736255304e-10 -1
42.5000000000003 2.07026086004097e-10 2.07026086004097e-10 -1
42.6000000000003 2.56701876495916e-10 2.56701876495916e-10 -1
42.7000000000003 2.77870209337489e-10 2.77870209337489e-10 -1
42.8000000000003 2.71305658969396e-10 2.71305658969396e-10 -1
42.9000000000003 2.40273912513856e-10 2.40273912513856e-10 -1
43.0000000000003 1.89990889519432e-10 1.89990889519432e-10 -1
43.1000000000003 1.26953308511564e-10 1.26953308511564e-10 -1
43.2000000000003 5.8214947651172e-11 5.8214947651172e-11 -1
43.3000000000003 -9.31924704248813e-12 -9.31924704248813e-12 -1
43.4000000000003 -6.95176199597379e-11 -6.95176199597379e-11 -1
43.5000000000003 -1.17514872814157e-10 -1.17514872814157e-10 -1
43.6000000000003 -1.50040725308049e-10 -1.50040725308049e-10 -1
43.7000000000004 -1.65569527432799e-10 -1.65569527432799e-10 -1
43.8000000000004 -1.64294147299653e-10 -1.64294147299653e-10 -1
43.9000000000004 -1.47943394734049e-10 -1.47943394734049e-10 -1
44.0000000000004 -1.19474867940387e-10 -1.19474867940387e-10 -1
44.1000000000004 -8.26835775402259e-11 -8.26835775402259e-11 -1
44.2000000000004 -4.17706247680845e-11 -4.17706247680845e-11 -1
44.3000000000004 -9.1566136871469e-13 -9.1566136871469e-13 -1
44.4000000000004 3.61076827606358e-11 3.61076827606358e-11 -1
44.5000000000004 6.62419491049874e-11 6.62419491049874e-11 -1
44.6000000000004 8.73600217227627e-11 8.73600217227627e-11 -1
44.7000000000004 9.83727091080854e-11 9.83727091080854e-11 -1
44.8000000000004 9.92300026843964e-11 9.92300026843964e-11 -1
44.9000000000004 9.08260875786347e-11 9.08260875786347e-11 -1
45.0000000000004 7.4826118642948e-11 7.4826118642948e-11 -1
45.1000000000004 5.34382848988697e-11 5.34382848988697e-11 -1
45.2000000000004 2.91574916293505e-11 2.91574916293505e-11 -1
45.3000000000004 4.50709088824952e-12 4.50709088824952e-12 -1
45.4000000000004 -1.8197261906694e-11 -1.8197261906694e-11 -1
45.5000000000004 -3.70419024143029e-11 -3.70419024143029e-11 -1
45.6000000000004 -5.0653641715217e-11 -5.0653641715217e-11 -1
45.7000000000004 -5.82749803113537e-11 -5.82749803113537e-11 -1
45.8000000000004 -5.97751593308912e-11 -5.97751593308912e-11 -1
45.9000000000004 -5.5602177262176e-11 -5.5602177262176e-11 -1
46.0000000000004 -4.66858697831633e-11 -4.66858697831633e-11 -1
46.1000000000004 -3.43057090982336e-11 -3.43057090982336e-11 -1
46.2000000000004 -1.99389336386758e-11 -1.99389336386758e-11 -1
46.3000000000004 -5.10494203211098e-12 -5.10494203211098e-12 -1
46.4000000000004 8.77929659910924e-12 8.77929659910924e-12 -1
46.5000000000004 2.05204971084224e-11 2.05204971084224e-11 -1
46.6000000000004 2.92379981099509e-11 2.92379981099509e-11 -1
46.7000000000004 3.4415257576871e-11 3.4415257576871e-11 -1
46.8000000000004 3.59127301448397e-11 3.59127301448397e-11 -1
46.9000000000004 3.39446368521955e-11 3.39446368521955e-11 -1
47.0000000000004 2.9025237414189e-11 2.9025237414189e-11 -1
47.1000000000004 2.18924984432644e-11 2.18924984432644e-11 -1
47.2000000000004 1.34183853048487e-11 1.34183853048487e-11 -1
47.3000000000004 4.5153580879988e-12 4.5153580879988e-12 -1
47.4000000000004 -3.9519150768422e-12 -3.9519150768422e-12 -1
47.5000000000004 -1.12419607390824e-11 -1.12419607390824e-11 -1
47.6000000000004 -1.67932789884516e-11 -1.67932789884516e-11 -1
47.7000000000004 -2.0259031531407e-11 -2.0259031531407e-11 -1
47.8000000000004 -2.1518547850426e-11 -2.1518547850426e-11 -1
47.9000000000004 -2.06668072948572e-11 -2.06668072948572e-11 -1
48.0000000000004 -1.79849812443785e-11 -1.79849812443785e-11 -1
48.1000000000004 -1.38965758348739e-11 -1.38965758348739e-11 -1
48.2000000000004 -8.91461247408649e-12 -8.91461247408649e-12 -1
48.3000000000004 -3.58559119403677e-12 -3.58559119403677e-12 -1
48.4000000000004 1.56427123203938e-12 1.56427123203938e-12 -1
48.5000000000004 6.07577335331048e-12 6.07577335331048e-12 -1
48.6000000000004 9.59278232221428e-12 9.59278232221428e-12 -1
48.7000000000004 1.18852970303626e-11 1.18852970303626e-11 -1
48.8000000000004 1.28586329240618e-11 1.28586329240618e-11 -1
48.9000000000004 1.25492092438913e-11 1.25492092438913e-11 -1
49.0000000000004 1.1108612659126e-11 1.1108612659126e-11 -1
49.1000000000004 8.77853526593084e-12 8.77853526593084e-12 -1
49.2000000000004 5.85978002399347e-12 5.85978002399347e-12 -1
49.3000000000004 2.67876939810467e-12 2.67876939810467e-12 -1
49.4000000000004 -4.45105418374859e-13 -4.45105418374859e-13 -1
49.5000000000004 -3.22835499517234e-12 -3.22835499517234e-12 -1
49.6000000000004 -5.44617365222657e-12 -5.44617365222657e-12 -1
49.7000000000004 -6.94760918874974e-12 -6.94760918874974e-12 -1
49.8000000000004 -7.66244681971015e-12 -7.66244681971015e-12 -1
49.9000000000004 -7.59996480666176e-12 -7.59996480666176e-12 -1
50.0000000000004 -6.84045606237225e-12 -6.84045606237225e-12 -1
