0 0.628318530717959 0.587785252292473 -0.809016994374947
0.1 0.628318530717959 0.587785252292473 -0.809016994374947
0.2 0.570656797468067 0.540184890729044 -0.841546364633613
0.3 0.461099504293273 0.444933051988484 -0.895563833151056
0.4 0.309505802655439 0.304587958488838 -0.952484212752947
0.5 0.129423538781318 0.129062524134503 -0.991636458014746
0.6 -0.0625305774331455 -0.0624898355442108 -0.998045600387907
0.7 -0.247950315643758 -0.245417476314436 -0.969417486080921
0.8 -0.408697827166421 -0.397414740549627 -0.9176391033483
0.9 -0.529295133110372 -0.504925051535151 -0.8631631898617
1 -0.59884632241201 -0.56368992664315 -0.825986480882732
1.1 -0.611909245227886 -0.574431324103478 -0.818552780148431
1.2 -0.568367893958481 -0.538257258948374 -0.842780590183105
1.3 -0.472828964921465 -0.45540668519434 -0.89028352286241
1.4 -0.334040891685315 -0.327863227016812 -0.944725200452556
1.5 -0.164456229955216 -0.163715921980107 -0.986507525004348
1.6 0.0203333481722226 0.0203319470808352 -0.999793284598322
1.7 0.202704500433166 0.201319191482809 -0.979525692945677
1.8 0.364843973459385 0.356803542033705 -0.934179443357753
1.9 0.491020086498519 0.471525698990239 -0.881852320511641
2 0.569576160760232 0.539275169605711 -0.842129616773292
2.1 0.594019956524832 0.559696863915748 -0.828697423987113
2.2 0.563116478574652 0.533824066492811 -0.845595568834818
2.3 0.480397086069355 0.462131352453594 -0.886811486776875
2.4 0.353581491891642 0.346259956830102 -0.938138605055786
2.5 0.194112371456004 0.192895652829445 -0.981219275758228
2.6 0.0166220612988962 0.0166212958831564 -0.999861856719799
2.7 -0.162042281385069 -0.161334068865259 -0.986899852175174
2.8 -0.324470738926776 -0.318807186517959 -0.947819591390948
2.9 -0.45482947855863 -0.439309134652098 -0.898335952865756
3 -0.540877359229887 -0.514888312304272 -0.85725726934944
3.1 -0.575224225724647 -0.544022945512956 -0.839070339575537
3.2 -0.555625862132882 -0.52747511746812 -0.849570479979144
3.3 -0.484618683945473 -0.465870984801917 -0.88485265751971
3.4 -0.368966914553182 -0.360652065354045 -0.932700427659311
3.5 -0.219178378491052 -0.217427731176937 -0.976076422067068
3.6 -0.0489887284239034 -0.0489691361367713 -0.998800292203611
3.7 0.125511617064988 0.125182342304547 -0.992133751656069
3.8 0.287365800260007 0.283427030144503 -0.958993805289412
3.9 0.420754177355449 0.408448968032884 -0.912781156966374
4 0.51299952508417 0.490792865899689 -0.87127628383996
4.1 0.555951494275994 0.527751736953598 -0.849398672086589
4.2 0.546461486403875 0.519667293313154 -0.854368716808253
4.3 0.486148033923821 0.467223688851652 -0.884139143221165
4.4 0.380886565217751 0.371743645298643 -0.928335425468659
4.5 0.240316599505942 0.238010139631847 -0.971262669638048
4.6 0.0773355787615162 0.0772585138121222 -0.997011094242959
4.7 -0.092696134606351 -0.0925634419048028 -0.995706788780079
4.8 -0.253303736842401 -0.250603634930214 -0.968089777944052
4.9 -0.388770105203984 -0.379050587026141 -0.925375951965004
5 -0.486105620142755 -0.46718618874736 -0.884158959149155
5.1 -0.536522721000385 -0.511150396951436 -0.85949128657386
5.2 -0.536067146656136 -0.510758781741595 -0.859724064379869
5.3 -0.485513275805375 -0.46666238026396 -0.884435539113154
5.4 -0.38990935555084 -0.38010457568913 -0.924943518027013
5.5 -0.258086247817865 -0.255230651319756 -0.966880196625669
5.6 -0.102157191983083 -0.101979597704408 -0.994786490485294
5.7 0.0632170851626889 0.0631749867839888 -0.998002465450283
5.8 0.222058133128686 0.220237686332973 -0.975446237123656
5.9 0.358817610094574 0.351167392328355 -0.93631269486497
5.99999999999999 0.460295822334608 0.444213159878265 -0.895921128554834
6.09999999999999 0.517176692163228 0.494428040076709 -0.869218564680889
6.19999999999999 0.524792164024928 0.501033148404786 -0.86542809302656
6.29999999999999 0.483142697968932 0.46456444770438 -0.885539312469596
6.39999999999999 0.396506826660027 0.386198547253706 -0.922415677500728
6.49999999999999 0.272960770162213 0.269583767528591 -0.962976942758803
6.59999999999999 0.123883241828591 0.123566611019048 -0.992336280018657
6.69999999999999 -0.036732701266223 -0.0367244413041978 -0.999325430183228
6.79999999999999 -0.193408934592524 -0.192205379352002 -0.981354722894914
6.89999999999999 -0.330814876894254 -0.324813828770053 -0.945777974283467
6.99999999999999 -0.435624877251379 -0.421977001514769 -0.906606535489682
7.09999999999999 -0.498089640970449 -0.477748167027958 -0.878496834884125
7.19999999999999 -0.512911984469014 -0.490716591957367 -0.871319244810848
7.29999999999999 -0.479384998432279 -0.461233584979144 -0.887278749935603
7.39999999999999 -0.4010714133282 -0.390404955633108 -0.920643237425394
7.49999999999999 -0.285342172048075 -0.281485804222838 -0.959565392258924
7.59999999999999 -0.142887128748355 -0.142401410161 -0.989808990858417
7.69999999999999 0.012936167615654 0.0129358068194013 -0.999916328950543
7.79999999999999 0.167146712680056 0.166369507687277 -0.986063480163368
7.89999999999999 0.304667200589034 0.299975718881603 -0.953946837135836
7.99999999999999 0.412114791002993 0.40054795404539 -0.916275797186662
8.09999999999999 0.479390004353271 0.461238026620684 -0.887276441025601
8.19999999999999 0.500643942076668 0.479990551502871 -0.877273657684972
8.29999999999999 0.474525035616236 0.456916013239569 -0.889509840780448
8.39999999999999 0.403930946699416 0.393035965949609 -0.919523098932299
8.49999999999999 0.295572805775476 0.291287864189972 -0.956635447898333
8.59999999999999 0.159493650684273 0.158818304352435 -0.987307827479666
8.69999999999999 0.00844707162515496 0.00844697117150292 -0.999964323702615
8.79999999999998 -0.143074925185026 -0.142587290250304 -0.989782230927124
8.89999999999998 -0.280273370186113 -0.276618362138674 -0.96097985500619
8.99999999999998 -0.389764157513536 -0.379970271699395 -0.924998698715132
9.09999999999998 -0.461169604782413 -0.444995830357975 -0.895532640926067
9.19999999999998 -0.488159423670692 -0.469001090939543 -0.883197586442308
9.29999999999998 -0.468796169712025 -0.451812660566149 -0.892112840257407
9.39999999999998 -0.405360234128056 -0.394349826848621 -0.918960398528937
9.49999999999998 -0.303945070100945 -0.29928676663183 -0.954163210000818
9.59999999999998 -0.173985704462695 -0.173109244470159 -0.984902629440581
9.69999999999998 -0.0276622435816876 -0.0276587158598205 -0.9996174245365
9.79999999999998 0.121010888093742 0.120715764380704 -0.992687112956536
9.89999999999998 0.257530026627476 0.254692812611671 -0.967022011747383
9.99999999999998 0.368555034822091 0.36026787437218 -0.932848893816866
10.1 0.443492177280038 0.429096414618828 -0.903258693266368
10.2 0.475593327016281 0.457866008045105 -0.889021213850851
10.3 0.462390003504791 0.446088405595162 -0.894988901827037
10.4 0.405590356955227 0.394561290170025 -0.918869625300219
10.5 0.310709402471733 0.305734147414508 -0.952116920921335
10.6 0.186610080870909 0.185528901270918 -0.982638807901055
10.7 0.0449281715688039 0.0449130582044951 -0.998990899459409
10.8 -0.100785932017767 -0.100615391364619 -0.994925395705901
10.9 -0.236334596255543 -0.234140691761744 -0.972202723952845
11 -0.348458024176671 -0.341448910364989 -0.939900335998749
11.1 -0.42639990744386 -0.413595747209892 -0.910460629511178
11.2 -0.463051464277524 -0.446680308013977 -0.894693636074684
11.3 -0.455464122626532 -0.439879169726349 -0.89805696703542
11.4 -0.404816176924467 -0.393849801485227 -0.919174811377057
11.5 -0.316080879242455 -0.310843986117998 -0.950460949378918
11.6 -0.197582445802942 -0.196299388466436 -0.980544007216251
11.7 -0.0604400606692057 -0.0604032694567558 -0.998174055482777
11.8 0.0822450559597147 0.0821523663046602 -0.996619781416436
11.9 0.216587221659451 0.214897837003234 -0.976636534055188
12 0.329436023654726 0.323509431385704 -0.946224945668047
12.1 0.409918467640457 0.398534551634952 -0.917153319327324
12.2 0.450616392008677 0.435520479844004 -0.900178822032849
12.3 0.448148284424686 0.433297417424221 -0.901250990597791
12.4 0.403202428526397 0.392365972421082 -0.919809188737566
12.5 0.320244681568621 0.314798811608484 -0.949158421028801
12.6 0.207091607412115 0.205614524338938 -0.978633060641665
12.7 0.0743720772524666 0.0743035349995079 -0.997235671587502
12.8 -0.0652462847288666 -0.0652000014978922 -0.997872216170325
12.9 -0.198191987295518 -0.196897034220503 -0.980424172445361
13 -0.311446999458561 -0.306436342755587 -0.951891153356612
13.1 -0.394060911348269 -0.383941243657712 -0.923357526323671
13.2 -0.438352026824683 -0.424447880883184 -0.905452371145923
13.3 -0.440549394750633 -0.426436466573763 -0.904517517782869
13.4 -0.400888688769349 -0.390236724987154 -0.920714558628949
13.5 -0.323360636015306 -0.317754813008546 -0.948172916091735
13.6 -0.215303165815428 -0.21364360433712 -0.976911669664072
13.7 -0.0868796954794 -0.086770440883847 -0.99622833255676
13.8 0.0496598654084972 0.0496394568743123 -0.998767202265485
13.9 0.18105765045831 0.180070035830984 -0.983653791837264
14 0.294446026283772 0.290209762300155 -0.956963057732997
14.1 0.378830694011667 0.369834322965512 -0.929097720133163
14.2 0.426307317285129 0.413511445742942 -0.910498920504347
14.3 0.432755531148327 0.41937390005657 -0.907813599783205
14.4 0.397993450797822 0.38756940540063 -0.921840526337068
14.5 0.325566998886819 0.319846051408253 -0.947469526369344
14.6 0.222362633497114 0.220534699856698 -0.975379129446143
14.7 0.0981018070032301 0.0979445279860863 -0.995191875689097
14.8 -0.0353673908972075 -0.035360018127731 -0.999374639020826
14.9 -0.165098027203036 -0.164349026033547 -0.986402249410363
15 -0.278386782099952 -0.274804897796728 -0.961500009436781
15.1 -0.364224022053285 -0.356224327644455 -0.93440046468003
15.2 -0.414519177537426 -0.402749875313031 -0.915310077479396
15.3 -0.424839210931232 -0.412174291344682 -0.911105017851679
15.4 -0.394617478217449 -0.384455094372639 -0.923143694346078
15.5 -0.32698362079413 -0.321187936110597 -0.947015474898386
15.6 -0.228398104355188 -0.226417519741544 -0.974030341803625
15.7 -0.10816260302769 -0.107951824632546 -0.994156126349631
15.8 0.022260906853703 0.0222590683413756 -0.999752236244848
15.9 0.15023213974341 0.149667661509335 -0.988736360764753
16 0.263222634739857 0.260193533479607 -0.965556484694395
16.1 0.350231682642594 0.343115434603161 -0.939293244166636
16.2 0.403014840120707 0.392193419979276 -0.919882775860576
16.3 0.416860057716439 0.404891401096446 -0.914364781319883
16.4 0.390846579052631 0.380971287425528 -0.924586868908128
16.5 0.327714601807642 0.321880100569909 -0.946780439625315
16.6 0.233522538990708 0.231405879879483 -0.972857296193641
16.7 0.117173244589559 0.116905305560827 -0.993143065993883
16.8 -0.0102420371876518 -0.0102418581247917 -0.999947550795616
16.9 -0.136384201262659 -0.135961788504788 -0.99071408189577
17 -0.248907422648123 -0.246345200031061 -0.969182151311949
17.1 -0.336840470442722 -0.330506771328379 -0.943803620519698
17.2 -0.391813749334813 -0.381865342045264 -0.92421797242028
17.3 -0.408866986070381 -0.397569961687881 -0.917571863977692
17.4 -0.386753909077752 -0.377184078451603 -0.926138310924786
17.5 -0.327850526542805 -0.322008788476573 -0.946736679411889
17.6 -0.23783572416525 -0.235599828051952 -0.971850153584332
17.7 -0.125233339875899 -0.124906249269552 -0.992168548631437
17.8 -0.000778850883586216 -0.000778850804843265 -0.999999696695666
17.9 0.123483492262838 0.12316991515964 -0.992385596428912
18 0.235396006358575 0.233228089107985 -0.972422057776888
18.1 0.324034300367578 0.31839349115127 -0.947958640865996
18.2 0.380929089434187 0.371783121699075 -0.928319616522074
18.3 0.400899998112195 0.390247137638805 -0.920710145249155
18.4 0.382401891683724 0.373149949198341 -0.927771046871627
18.5 0.327470351695733 0.321648839742496 -0.94685903063355
18.6 0.241425955690183 0.23908746920384 -0.970998034019484
18.7 0.13243224810645 0.132045481333578 -0.991243658672974
18.8 0.0108834305521935 0.0108832156981119 -0.999940776054296
18.9 -0.111464166965461 -0.11123350033043 -0.993794298838668
19 -0.222644648191336 -0.220809762330178 -0.975316896633956
19.1 -0.311795074912207 -0.306767654130542 -0.951784432725838
19.2 -0.370369021276401 -0.361959455962455 -0.932193838340162
19.3 -0.39299166613397 -0.382953728752556 -0.923767525752293
19.4 -0.377843823875865 -0.368917244227949 -0.929462246092468
19.5 -0.326643005052944 -0.320865349106973 -0.947124821627256
19.6 -0.244371486453554 -0.241946532469635 -0.970289583282187
19.7 -0.138850228966709 -0.138404500989804 -0.990375784288854
19.8 -0.0201461423932771 -0.0201447796450239 -0.999797073336911
19.9 0.100265017069911 0.100097106226321 -0.994977672777192
20 0.210611263469958 0.209057695434737 -0.977903308093145
20.1 0.300103359109198 0.295618947811127 -0.95530593931737
20.2 0.360137685262366 0.352403089135326 -0.935848311836849
20.3 0.385168360019945 0.375715167226744 -0.926735190394635
20.4 0.373125224257592 0.36452739330604 -0.93119266509649
20.5 0.32542874416653 0.319715056217492 -0.947513737540436
20.6 0.246741774801251 0.244245716749464 -0.96971337510088
20.7 0.144559455357565 0.144056494177622 -0.989569465214672
20.8 0.0286348630451244 0.0286309499872119 -0.999590050322046
20.9 -0.0898292121148966 -0.0897084512270926 -0.995968068654029
21 -0.199255575952661 -0.197939690685901 -0.98021420049455
21.1 -0.288938904341271 -0.284935275899109 -0.958546758665585
21.2 -0.350236016234733 -0.343119505113759 -0.939291757235466
21.3 -0.377451266373147 -0.368552348433794 -0.92960699570514
21.4 -0.368284968046059 -0.360015929743705 -0.93294615617986
21.5 -0.323880314170325 -0.318247514830753 -0.948007657829856
21.6 -0.248598562974307 -0.246045847002734 -0.969258191181641
21.7 -0.149624905692994 -0.149067239567376 -0.98882706176953
21.8 -0.0364115165488437 -0.0364034713596131 -0.99933717396731
21.9 0.0801040298824509 0.0800183907008921 -0.996793387392613
22 0.188539202210994 0.187424184365425 -0.982279071911315
22.1 0.278281053178925 0.274703237902385 -0.961529058887949
22.2 0.340662406563815 0.334111505809519 -0.942533554673623
22.3 0.369857236971993 0.361482326405368 -0.932378961418887
22.4 0.363356245619438 0.355413342918344 -0.934709235899383
22.5 0.322043937181772 0.316506079751625 -0.948590481440889
22.6000000000001 0.249996810647584 0.247400869050091 -0.968913210764132
22.7000000000001 0.15410515034318 0.153495915819506 -0.988149282156664
22.8000000000001 0.0435326308154018 0.043518882409695 -0.999052604657938
22.9000000000001 -0.0710405861014916 -0.0709808469888571 -0.99747767862782
23.0000000000001 -0.178425683691087 -0.177480471034824 -0.984124322634725
23.1000000000001 -0.268109050432116 -0.264908518740531 -0.964273548687663
23.2000000000001 -0.331413246290525 -0.325379695182627 -0.945583446324469
23.3000000000001 -0.362399496874648 -0.35451889849957 -0.93504884931572
23.4000000000001 -0.358367374302943 -0.350745795262242 -0.936470708087475
23.5000000000001 -0.3199601600456 -0.314528742870713 -0.949247949646545
23.6000000000001 -0.250985504698766 -0.24835870670248 -0.968668133472487
23.7000000000001 -0.158053045210998 -0.157395818983039 -0.987535597417459
23.8000000000001 -0.0500498425444936 -0.0500289494628683 -0.998747768065412
23.9000000000001 0.0625935696975965 0.0625527045725824 -0.998041662031528
24.0000000000001 0.168880480657785 0.16807886206743 -0.9857735521539
24.1000000000001 0.258402280203384 0.255536204023953 -0.966799487191128
24.2000000000001 0.322483363425609 0.316922884732471 -0.94845130878335
24.3000000000001 0.355088236710861 0.34767309872468 -0.937615814938709
24.4000000000001 0.353342487675332 0.346035727860439 -0.938221335849967
24.5000000000001 0.317664582558466 0.31234884382971 -0.949967473000125
24.6000000000001 0.251608363050177 0.248962001524456 -0.968513253289255
24.7000000000001 0.161516343913022 0.160814998962445 -0.986984567310304
24.8000000000001 0.0560103543400337 0.0559810733614258 -0.998431830134287
24.9000000000001 -0.0547209876738717 -0.0546936824645899 -0.998503180314646
25.0000000000001 -0.159870938783143 -0.159190792533227 -0.98724783695516
25.1000000000001 -0.24914044453171 -0.246571033991281 -0.969124721177038
25.2000000000001 -0.313866382957911 -0.308738433409131 -0.951146981142281
25.3000000000001 -0.347931109106947 -0.340953615336979 -0.940080120090114
25.4000000000001 -0.348302122323644 -0.341302374012015 -0.939953557094053
25.5000000000001 -0.315188484554114 -0.309995676154738 -0.950737966405763
25.6000000000001 -0.251904447670958 -0.249248752486823 -0.968439497017631
25.7000000000001 -0.164538238645337 -0.163796823619407 -0.986494095558708
25.8000000000001 -0.0614573479033217 -0.0614186677508209 -0.998112091526655
25.9000000000001 0.0473839221615562 0.0473661928033994 -0.998877591989785
26.0000000000001 0.151366236526302 0.150788887745407 -0.988565987343537
26.1000000000001 0.24030369594056 0.237997606860672 -0.971265740736588
26.2000000000001 0.305555019525567 0.300822532613003 -0.953680137085962
26.3000000000001 0.340933645519042 0.334367145332633 -0.942442895947604
26.4000000000001 0.343263718463833 0.336562196360108 -0.941661238440481
26.5000000000001 0.312559367157015 0.307495005922352 -0.951549694620734
26.6000000000001 0.251908699517951 0.249252870141134 -0.968438437241318
26.7000000000001 0.167157838561811 0.166380478502664 -0.986061629094868
26.8000000000001 0.06643035714044 0.0663815084771488 -0.997794315143306
26.9000000000001 -0.0405463010799053 -0.0405351922894872 -0.999178111342545
27.0000000000001 -0.143337319459824 -0.142846998529396 -0.989744782765306
27.1000000000001 -0.231872733638153 -0.229800540506192 -0.973237746690428
27.2000000000001 -0.297541315842915 -0.293170445109122 -0.956060191679645
27.3000000000001 -0.334099606803543 -0.327918696103469 -0.944705948295977
27.4000000000001 -0.338242048002904 -0.331829260244079 -0.943339462784139
27.5000000000001 -0.309801420994578 -0.304869516976765 -0.952394129348955
27.6000000000001 -0.251652406257141 -0.249004657712635 -0.968502287264936
27.7000000000001 -0.169410593378027 -0.168601409525511 -0.985684312904497
27.8000000000001 -0.0709656048652145 -0.070906054679891 -0.997482998055472
27.9000000000001 0.0341746830707693 0.034168031306103 -0.9994161023501
28.0000000000001 0.135756826177252 0.135340212456573 -0.990799185956574
28.1000000000001 0.223828871101958 0.221964599844321 -0.975054724831355
28.2000000000001 0.289816836692203 0.285776705191225 -0.958296235393862
28.3000000000001 0.327431278478696 0.321611842668565 -0.946871597765679
28.4000000000001 0.33324958130728 0.32711555358992 -0.944984346219322
28.5000000000001 0.30693593208722 0.30213919425342 -0.953263818308392
28.6000000000001 0.251163611981994 0.248531229611928 -0.968623883614059
28.7000000000001 0.171328668931031 0.170491715206442 -0.985359109688425
28.8000000000001 0.0750963065602337 0.075025742750085 -0.997181597265412
28.9000000000001 -0.0282380568352358 -0.0282343042042646 -0.999601332565189
29.0000000000001 -0.128599009254942 -0.128244846816575 -0.991742536783107
29.1000000000001 -0.216154081190239 -0.214474796051288 -0.976729523388516
29.2000000000001 -0.2823728264593 -0.278635286214098 -0.960396989414475
29.3000000000001 -0.320929719708824 -0.31544894741317 -0.948942549144005
29.4000000000001 -0.328296802055792 -0.322431261793887 -0.94659288050249
29.5000000000001 -0.303981634426831 -0.299321654766316 -0.954152266144117
29.6000000000002 -0.250467476778787 -0.247856876262699 -0.968796660238513
29.7000000000002 -0.172941280562971 -0.172080494396467 -0.985082891663573
29.8000000000002 -0.0788529444073657 -0.0787712546746081 -0.99689271711503
29.9000000000002 0.0227076546329723 0.0227057031966083 -0.999742192288766
30.0000000000002 0.121839653852856 0.121538427918285 -0.992586726961
30.1000000000002 0.208831023667163 0.20731646268359 -0.978273931115597
30.2000000000002 0.275200336721256 0.271739740614129 -0.962370777492213
30.3000000000002 0.31459497348068 0.309431348078047 -0.950921784810193
30.4000000000002 0.323392478009915 0.317785004564335 -0.948162797664012
30.5000000000002 0.30095501683977 0.296432434191763 -0.955053826733942
30.6000000000002 0.249586592838879 0.247003382790952 -0.969014617479957
30.7000000000002 0.174274989443864 0.173394154761403 -0.984852510325571
30.8000000000002 0.0822635145365589 0.0821707624734834 -0.996618264830886
30.9000000000002 -0.0175567794621096 -0.0175558775242489 -0.999845883706261
31.0000000000002 -0.11545599585956 -0.115199660356754 -0.993342357021832
31.1000000000002 -0.201843059032136 -0.200475312904297 -0.979698754166771
31.2000000000002 -0.268290329206458 -0.265083316713899 -0.96422551055236
31.3000000000002 -0.308426244167435 -0.303559518781529 -0.952812478170351
31.4000000000002 -0.318543894262682 -0.313184040487351 -0.949692453789129
31.5000000000002 -0.297870590555935 -0.29348523565564 -0.95596360623831
31.6000000000002 -0.248541262848054 -0.245990307982116 -0.969272288048546
31.7000000000002 -0.175353966293143 -0.174456686681863 -0.984664848804905
31.8000000000002 -0.0853537501806779 -0.0852501505104319 -0.996359579588588
31.9000000000002 0.0127606452840318 0.0127602989755543 -0.999918584070751
32.0000000000002 0.109426640967344 0.109208389117282 -0.994018876956775
32.1000000000002 0.195174251752823 0.193937481295847 -0.981013890497287
32.2000000000002 0.261633758487349 0.258659055923293 -0.965968681060039
32.3000000000002 0.302422047633299 0.297833208074668 -0.954617923657393
32.4000000000002 0.31375705447858 0.308634444111138 -0.951180729361255
32.5000000000002 0.294741122927207 0.290492146246258 -0.956877376140351
32.6000000000002 0.24734974556367 0.244835228953051 -0.969564701638579
32.7000000000002 0.176200226389728 0.175289906683345 -0.984516860503132
32.8000000000002 0.0881473231728855 0.0880332174541913 -0.996117539562808
32.9000000000002 -0.00829622956790863 -0.00829613440021634 -0.999965586484862
33.0000000000002 -0.103731485666879 -0.103545556773085 -0.994624711975603
33.1000000000002 -0.188809365371292 -0.187689553140688 -0.982228400954609
33.2000000000002 -0.255221637985824 -0.252459873380858 -0.967607364757276
33.3000000000002 -0.296580338175801 -0.292251557389679 -0.956341480436411
33.4000000000002 -0.309036854768118 -0.30414125955464 -0.952626943895939
33.5000000000002 -0.291577841921275 -0.287463825883937 -0.957791495477053
33.6000000000002 -0.246028472796807 -0.243553956177848 -0.96988734935049
33.7000000000002 -0.176833839265571 -0.175913674014502 -0.984405596944024
33.8000000000002 -0.0906660259864125 -0.0905418596157547 -0.995892650669399
33.9000000000002 0.00414213738565311 0.00414212554101285 -0.999991421361205
34.0000000000002 0.0983516408488177 0.0981931575402014 -0.99516737477285
34.1000000000002 0.182733851450093 0.181718583553532 -0.983350576544956
34.2000000000002 0.249045092236546 0.246478624604037 -0.969148227885344
34.3000000000002 0.290898615897753 0.286813202714696 -0.957986527435819
34.4000000000002 0.304387234119183 0.299708634000441 -0.954030782892035
34.5000000000002 0.288390615332158 0.284409672444204 -0.95870284145828
34.6000000000002 0.244592241428393 0.242160722825078 -0.970236148739489
34.7000000000002 0.177273116048227 0.176346083551537 -0.984328227176298
34.8000000000002 0.0929299362969381 0.0927962373033193 -0.995685120076797
34.9000000000002 -0.000278476275627881 -0.00027847627202862 -0.999999961225482
35.0000000000002 -0.0932693584703929 -0.093134189558956 -0.995653565621696
35.1000000000002 -0.176933833923395 -0.17601210843569 -0.984388001594911
35.2000000000002 -0.243095397835364 -0.240708160319 -0.970597538403968
35.3000000000002 -0.285374017518595 -0.281516361891511 -0.959556427724481
35.4000000000002 -0.299811304706208 -0.29533993390179 -0.955392235389678
35.5000000000002 -0.285188108073503 -0.281337966424597 -0.959608747692554
35.6000000000002 -0.243054383588303 -0.240668351789319 -0.970607410051568
35.7000000000002 -0.17753477704537 -0.17660363781714 -0.984282050588017
35.8000000000002 -0.0949575658461982 -0.0948149257355159 -0.995494917042658
35.9000000000002 -0.00331325889708202 -0.0033132528351002 -0.999994511162762
36.0000000000002 0.0884679615717766 0.0883526064564087 -0.996089261528483
36.1000000000002 0.171396090096873 0.170558148878845 -0.985347612698697
36.2000000000002 0.237364015076086 0.235141371306606 -0.971961180037582
36.3000000000002 0.280003393152362 0.276358909570054 -0.961054500588417
36.4000000000002 0.295311464895833 0.291037846296024 -0.956711540655475
36.5000000000002 0.281977920436135 0.278255997941514 -0.960506949277085
36.6000000000003 0.241426917700767 0.239088403314114 -0.970997804014359
36.7000000000003 0.177634101840872 0.176701400559236 -0.98426450461266
36.8000000000003 0.0967659952018532 0.0966150519435048 -0.99532182319989
36.9000000000003 0.00665029183187479 0.00665024281225931 -0.999977886890774
37.0000000000003 -0.0839317777967636 -0.0838332689931495 -0.996479795585401
37.1000000000003 -0.166108029282421 -0.165345210360619 -0.98623575346405
37.2000000000003 -0.231842611931284 -0.229771224819826 -0.973244668233429
37.3000000000003 -0.274783371178885 -0.271338441550186 -0.962483999938241
37.4000000000003 -0.2908894973469 -0.286804467253906 -0.957989142716765
37.5000000000003 -0.278766709782041 -0.275170178424491 -0.961395534057567
37.6000000000003 -0.239720682736059 -0.237431305692608 -0.971404331407424
37.7000000000003 -0.177585063891233 -0.176653134033588 -0.984273168503597
37.8000000000003 -0.0983709958424452 -0.0982124189800048 -0.995165474058509
37.9000000000003 -0.00974866214984078 -0.00974850773759299 -0.999952482169473
38.0000000000003 0.0796460764754416 0.0795618973982259 -0.996829927561565
38.1000000000003 0.161057669847254 0.160362277837698 -0.987058225155287
38.2000000000003 0.226523081747119 0.224590793890829 -0.974453167319747
38.3000000000003 0.269710413001119 0.266452329987111 -0.963848097909852
38.4000000000003 0.286546654249029 0.282641379192409 -0.959225651642101
38.5000000000003 0.275560297800412 0.272086139025334 -0.962272899415902
38.6000000000003 0.237945457697882 0.235706471183798 -0.971824294531723
38.7000000000003 0.177400451367219 0.176471421870336 -0.984305764111469
38.8000000000003 0.0997871408464919 0.0996216186423923 -0.995025393193093
38.9000000000003 0.0126233148923576 0.0126229796448659 -0.999920327018551
39.0000000000003 -0.0755970092551819 -0.0755250248377299 -0.997143906677096
39.1000000000003 -0.156233615291129 -0.155598807645863 -0.98782033339023
39.2000000000003 -0.2213975557869 -0.219593280645737 -0.975591508314439
39.3000000000003 -0.264780859203034 -0.261697770722635 -0.965149872713458
39.4000000000003 -0.282283731446209 -0.278549718525974 -0.960421810617137
39.5000000000003 -0.272363765157175 -0.269008817466335 -0.963137713998037
39.6000000000003 -0.236110068109647 -0.23392239898668 -0.97225527062203
39.7000000000003 -0.177091975773424 -0.176167779173829 -0.984360154405369
39.8000000000003 -0.10102790533023 -0.100856133810352 -0.994901020339626
39.9000000000003 -0.0152881827944031 -0.0152875872539397 -0.999883138009614
40.0000000000003 0.0717715542146369 0.071709952337535 -0.997425527413324
40.1000000000003 0.151625029832384 0.151044716953231 -0.988526931085096
40.2000000000003 0.216458411564045 0.214772034575657 -0.976664206963802
40.3000000000003 0.259990968389427 0.257071823823726 -0.966392299946529
40.4000000000003 0.2781011329404 0.274530234919444 -0.961578467996801
40.5000000000003 0.269181535119167 0.265942534805398 -0.96398888384736
40.6000000000003 0.234222481034461 0.232086766863008 -0.972695087191806
40.7000000000003 0.176670369693815 0.175752751303442 -0.984434340324062
40.8000000000003 0.102105757657973 0.101928431397771 -0.994791734421225
40.9000000000003 0.0177562619228471 0.0177553288908634 -0.999842361723076
41.0000000000003 -0.0681574633588873 -0.0681047053822887 -0.997678179126311
41.1000000000003 -0.147221613876642 -0.146690371377747 -0.989182457863593
41.2000000000003 -0.211698277744619 -0.210120566569256 -0.977675481693499
41.3000000000003 -0.255336949793641 -0.252571448256642 -0.967578246719893
41.4000000000003 -0.273998927057316 -0.270583343227364 -0.96269655362835
41.5000000000003 -0.266017447520648 -0.262891063388172 -0.96482552246022
41.6000000000003 -0.232289889967042 -0.230206512785086 -0.97314179926223
41.7000000000003 -0.176145474850417 -0.175236002607046 -0.984526456419686
41.8000000000003 -0.103032242341238 -0.102850046824548 -0.994696872352672
41.9000000000003 -0.0200396812272249 -0.0200383399688217 -0.999799212307798
42.0000000000003 0.0647432133688748 0.064697992335746 -0.997904890151223
42.1000000000003 0.143013579656306 0.142526571267771 -0.989790976157417
42.2000000000003 0.207110036266857 0.205632559390543 -0.97862927123528
42.3000000000003 0.250814990574985 0.248193531494744 -0.968710468057493
42.4000000000003 0.269976895376088 0.266709169053541 -0.963777058838178
42.5000000000003 0.262874824257446 0.259857687081558 -0.965646924328257
42.6000000000003 0.230318790766516 0.228287907801927 -0.973593668401464
42.7000000000003 0.175526321521978 0.17462639622513 -0.984634765657512
42.8000000000003 0.103818055446525 0.103631660827121 -0.99461574433256
42.9000000000003 0.0221497665089314 0.0221479553959079 -0.999754703950815
43.0000000000003 -0.061517959462043 -0.061479164767611 -0.998108367012058
43.1000000000003 -0.138991627260258 -0.138544537051615 -0.990356204228132
43.2000000000003 -0.20268682221495 -0.201301875182403 -0.979529251757214
43.3000000000003 -0.246421278589409 -0.243934914747298 -0.969791605123095
43.4000000000003 -0.266034575371028 -0.262907588736801 -0.964821019559898
43.5000000000003 -0.259756527337775 -0.256845254734025 -0.966452541576985
43.6000000000003 -0.228315049652767 -0.226336621160526 -0.974049143483858
43.7000000000004 -0.174821200246852 -0.173932065949398 -0.984757653656256
43.8000000000004 -0.104473113245682 -0.104283169346806 -0.994547646214592
43.9000000000004 -0.0240970992749919 -0.0240947672648163 -0.999709678952072
44.0000000000004 0.0584714922115505 0.0584381797258111 -0.998291029284714
44.1000000000004 0.135146921218117 0.134735893984816 -0.990881546337458
44.2000000000004 0.198422021892925 0.197122560488817 -0.980378853375741
44.3000000000004 0.242152021300342 0.239792414401909 -0.970824184904405
44.4000000000004 0.262171297583064 0.25917826446005 -0.965829502154224
44.5000000000004 0.256665010384686 0.253856227681355 -0.967241963351153
44.6000000000004 0.226283964162616 0.22435777858473 -0.974506843069111
44.7000000000004 0.174037726627211 0.173160481002513 -0.984893622590266
44.8000000000004 0.105006614766185 0.104813747162365 -0.994491869451824
44.9000000000004 0.0258915709049151 0.0258886781649516 -0.999664832002643
45.0000000000004 -0.0555941971668559 -0.0555655639577886 -0.998455040601255
45.1000000000004 -0.131471067759432 -0.131092656560189 -0.991370120286058
45.2000000000004 -0.194309269468491 -0.193088849214238 -0.981181275967454
45.3000000000004 -0.238003461398089 -0.235762840192292 -0.971810621049422
45.4000000000004 -0.258386218026811 -0.255520675086916 -0.966803591534044
45.5000000000004 -0.253602364369797 -0.250892722008387 -0.96801489763496
45.6000000000004 -0.224230317852458 -0.2223560144988 -0.974965539296754
45.7000000000004 -0.17318289995783 -0.172318504503298 -0.985041284924519
45.8000000000004 -0.105427098830333 -0.105231905867177 -0.994447709026252
45.9000000000004 -0.0275424325238113 -0.0275389504404856 -0.9996207311819
46.0000000000004 0.0528770171176279 0.0528523800577432 -0.998602336229108
46.1000000000004 0.127956092833135 0.127607212792938 -0.991824782531278
46.2000000000004 0.190342442493426 0.189195163875312 -0.981939504229356
46.3000000000004 0.233971889612702 0.231843010533654 -0.972753215603368
46.4000000000004 0.254678346443881 0.251934143250779 -0.967744381262168
46.5000000000004 0.250570358258591 0.247956546184825 -0.968771155229187
46.6000000000004 0.222158429438929 0.220335518883509 -0.9754241431902
46.7000000000004 0.172263156320501 0.171412446292166 -0.985199357113135
46.8000000000004 0.105742496111445 0.105545546731617 -0.994414469708242
46.9000000000004 0.0290583409420318 0.0290542516995951 -0.999577836117917
47.0000000000004 -0.0503114168448112 -0.0502901944969964 -0.998734647610392
47.1000000000004 -0.1245944209447 -0.124272308549569 -0.992248151083065
47.2000000000004 -0.186515656554445 -0.185436115446206 -0.982656321960135
47.3000000000004 -0.230053655134502 -0.228029765408389 -0.973654161439161
47.4000000000004 -0.251046570931281 -0.248417859152838 -0.968652965335843
47.5000000000004 -0.24757047516182 -0.24504923461391 -0.969510635637968
47.6000000000004 -0.220072196986411 -0.218300079366945 -0.975881691266101
47.7000000000004 -0.171284416712918 -0.170448110713281 -0.985366653360196
47.8000000000004 -0.105960176680877 -0.105762008937296 -0.994391470933629
47.9000000000004 -0.0304474009910676 -0.0304426968612332 -0.99953651369413
48.0000000000004 0.0478893502065097 0.047871047480347 -0.998853524203191
48.1000000000004 0.121378854846416 0.121081032053408 -0.992642626365039
48.2000000000004 0.18282325926451 0.181806502052963 -0.983334325553251
48.3000000000004 0.226245173996355 0.224319977133483 -0.974515545211483
48.4000000000004 0.24748967940362 0.244970901467271 -0.969530431412193
48.5000000000004 0.244603944513364 0.242172077564585 -0.97023331464553
48.6000000000004 0.217975137678194 0.216253119078171 -0.976337333347938
48.7000000000004 0.170252130717456 0.169430839881305 -0.9855420795162
48.8000000000004 0.106086993471222 0.10588811362119 -0.994378050539002
48.9000000000004 0.0317172045572562 0.0317118870068615 -0.999497051632702
49.0000000000004 -0.045603229411552 -0.0455874245612805 -0.998960352927918
49.1000000000004 -0.118302556098852 -0.11802679866997 -0.993010410215179
49.2000000000004 -0.179259823767961 -0.17830130673323 -0.983975936706393
49.3000000000004 -0.222542935720635 -0.220710559296891 -0.975339350695364
49.4000000000004 -0.244006378287512 -0.241592255701007 -0.970377855263247
49.5000000000004 -0.241671770730676 -0.239326147899052 -0.970939233387858
49.6000000000004 -0.215870423645255 -0.214197730727793 -0.976790321487198
49.7000000000004 -0.169171316159479 -0.168365552900486 -0.985724627163446
49.8000000000004 -0.106129322037884 -0.105930204123916 -0.99437356755611
49.9000000000004 -0.0328748665889105 -0.0328689452859998 -0.999459670239768
50.0000000000004 0.0434458963397215 0.0434322299422681 -0.999056375487511
