0 1 -1 
0.1 1.09483333333333 -0.895166666666667 
0.2 1.17872663888889 -0.781389972222222 
0.3 1.25084177125463 -0.659806812912037 
0.4 1.31045827588741 -0.531632075350556 
0.5 1.35698058669713 -0.398146497097711 
0.6 1.3899439757239 -0.260683869373625 
0.7 1.40901919547108 -0.120617709783654 
0.8 1.41401576752046 0.0206524617797946 
0.9 1.40488388458185 0.161715106928355 
1 1.38171490698392 0.301160772537801 
1.1 1.34474044865731 0.437596173555674 
1.2 1.29433006175405 0.569658114145517 
1.3 1.23098754304975 0.696027108073235 
1.4 1.15534589904519 0.815440562247336 
1.5 1.06816102008561 0.926705391690778 
1.6 0.970304126714717 1.0287099399042 
1.7 0.862753063747374 1.1204350855217 
1.8 0.746582529057387 1.20096442429154 
1.9 0.622953334720328 1.26949342465431 
2 0.493100807818738 1.32533746544729 
2.1 0.35832244681249 1.36793867543395 
2.2 0.219964956814271 1.39687150633023 
2.3 0.0794107933148985 1.41184698365387 
2.4 -0.0619356511864541 1.41271559293487 
2.5 -0.202662079625187 1.39946877246008 
2.6 -0.341362401677659 1.37223899764854 
2.7 -0.476650782934516 1.33129845622614 
2.8 -0.60717549156642 1.27705632744871 
2.9 -0.731632404132218 1.21005469257009 
3 -0.84877803558647 1.13096311742804 
3.1 -0.957441963298437 1.04057196128818 
3.2 -1.05653852095055 0.939784478812447 
3.3 -1.14507764548057 0.829607794076822 
3.4 -1.22217476869517 0.711142836832628 
3.5 -1.28705965472882 0.58557334157373 
3.6 -1.33908409505562 0.454154019335434 
3.7 -1.37772838417733 0.318198020415704 
3.8 -1.40260651129461 0.179063813293256 
3.9 -1.41347001609858 0.0381416108492109 
4 -1.41021047016787 -0.103160520478877 
4.1 -1.39286055918922 -0.243430729814908 
4.2 -1.36159375520009 -0.381267488658224 
4.3 -1.31672258213971 -0.515293594442408 
4.4 -1.25869549205051 -0.644169930920476 
4.5 -1.18809238315336 -0.766608847888916 
4.6 -1.10561880459002 -0.881387026567615 
4.7 -1.01209890574807 -0.987357702093014 
4.8 -0.90846720062704 -1.0834621210064 
4.9 -0.795759229543432 -1.16874011926396 
5 -0.675101211489196 -1.24233971508373 
5.1 -0.547698790542558 -1.30352562078865 
5.2 -0.414824988781111 -1.35168658860721 
5.3 -0.277807486074586 -1.38634151704415 
5.4 -0.138015353859306 -1.40714425681871 
5.5 0.00315462454905857 -1.41388706836157 
5.6 0.144291910417743 -1.40650269633561 
5.7 0.28398630338316 -1.3850650404639 
5.8 0.420842031739223 -1.34978841597383 
5.9 0.553491698441914 -1.30102541105866 
5.99999999999999 0.680609943487061 -1.23926336277558 
6.09999999999999 0.800926686153388 -1.16511948660358 
6.19999999999999 0.913239814801878 -1.07933470833625 
6.29999999999999 1.01642719744344 -0.982766259950178 
6.39999999999999 1.10945789307458 -0.87637911343899 
6.49999999999999 1.19140245176753 -0.761236338213183 
6.59999999999999 1.26144220060698 -0.638488478420659 
6.69999999999999 1.3188774226996 -0.509362056334626 
6.79999999999999 1.36313434754351 -0.375147316686775 
6.89999999999999 1.39377088292169 -0.237185334406914 
6.99999999999999 1.41048103105871 -0.0968546145898637 
7.09999999999999 1.41309794492664 0.0444426814171133 
7.19999999999999 1.40159559417386 0.185294746178537 
7.29999999999999 1.37608902404283 0.324294232599335 
7.39999999999999 1.33683320470145 0.460052315669947 
7.49999999999999 1.2842204824969 0.591212569027626 
7.59999999999999 1.21877665860982 0.716464517685095 
7.69999999999999 1.14115573430121 0.83455673151455 
7.79999999999999 1.05213337526683 0.944309328664714 
7.89999999999999 0.952599160412139 1.04462576398553 
7.99999999999999 0.843547692505523 1.13450378468008 
8.09999999999999 0.726068659539101 1.21304544372515 
8.19999999999999 0.601335946109511 1.27946607101718 
8.29999999999999 0.470595903622416 1.33310211261536 
8.39999999999999 0.335154896528204 1.37341775976392 
8.49999999999999 0.196366249029132 1.4000103014685 
8.59999999999999 0.0556167226873811 1.4126141471559 
8.69999999999999 -0.0856873399504528 1.41110347923507 
8.79999999999998 -0.226134067261002 1.39549350906718 
8.89999999999998 -0.364320165579904 1.36594032380695 
8.99999999999998 -0.498864940412065 1.32273932565752 
9.09999999999998 -0.62842409172148 1.26632227914476 
9.19999999999998 -0.751703145464159 1.19725299592551 
9.29999999999998 -0.867470387163402 1.11622170025705 
9.39999999999998 -0.974569168303246 1.02403813143728 
9.49999999999998 -1.07192946258355 0.921623452144488 
9.59999999999998 -1.15857855657639 0.810001043535841 
9.69999999999998 -1.23365076797317 0.690286279086619 
9.79999999999998 -1.29639609432879 0.563675379355197 
9.89999999999998 -1.3461877058961 0.431433459041264 
9.99999999999998 -1.38252820769424 0.294881885774097 
10.1 -1.40505460825222 0.155385076943751 
10.2 -1.41354194539251 0.0143368665018526 
10.3 -1.40790553283798 -0.126853422045675 
10.4 -1.38820180520623 -0.266775057297105 
10.5 -1.35462775296004 -0.404029995563709 
10.6 -1.30751895297146 -0.537246849589734 
10.7 -1.24734621438923 -0.665094590813436 
10.8 -1.17471087333441 -0.78629584826256 
10.9 -1.09033878344952 -0.899639671209133 
11 -0.995073062356565 -1.00399362806746 
11.1 -0.88986566650938 -1.09831512065239 
11.2 -0.775767878631703 -1.18166180075565 
11.3 -0.653919802796439 -1.2532009849686 
11.4 -0.525538972116425 -1.3122179736896 
11.5 -0.391908182882497 -1.35812319120411 
11.6 -0.254362676712874 -1.39045807550586 
11.7 -0.114276798791308 -1.40889965902017 
11.8 0.0269497344948288 -1.41326379447106 
11.9 0.167905821303716 -1.40350699367164 
12 0.307183073732083 -1.37972686087646 
12.1 0.443389889974256 -1.34216111637783 
12.2 0.575165358642771 -1.29118522011351 
12.3 0.701192856324223 -1.22730861904177 
12.4 0.820213202510272 -1.15116965579019 
12.5 0.931037240467442 -1.06352918946063 
12.6 1.03255771834626 -0.965262992339999 
12.7 1.12376035182314 -0.857352998496731 
12.8 1.20373395774728 -0.740877491713904 
12.9 1.27167955754798 -0.617000330806898 
13 1.32691835945246 -0.48695931999099 
13.1 1.36889853976763 -0.352053840505698 
13.2 1.39720075547928 -0.213631867083034 
13.3 1.41154233309901 -0.0730764989922706 
13.4 1.41178009191624 0.0682078597570749 
13.5 1.39791177345758 0.208809532967928 
13.6 1.37007606288232 0.347323677353269 
13.7 1.32855120211214 0.482366319244255 
13.8 1.2737522085637 0.612588182658896 
13.9 1.20622672728543 0.736688170567211 
14 1.12664955795405 0.853426364655038 
14.1 1.03581591142622 0.961636413700841 
14.2 0.934633463234618 1.06023718678972 
14.3 0.824113283437271 1.14824357493536 
14.4 0.705359733455704 1.22477633319051 
14.5 0.57955943085824 1.28907086491455 
14.6 0.447969392356646 1.34048486043732 
14.7 0.311904473494537 1.37850471380541 
14.8 0.172724230532158 1.40275065350692 
14.9 0.0318193358043898 1.41298053592084 
15 -0.10940231771073 1.40909226359905 
15.1 -0.249529683771481 1.3911248042296 
15.2 -0.387162661641545 1.35925780011193 
15.3 -0.520926085377845 1.31380977205749 
15.4 -0.649483463861361 1.25523493567365 
15.5 -0.771550334286807 1.18411866185312 
15.6 -0.885907095690376 1.10117162683755 
15.7 -0.991411194291206 1.00722271031694 
15.8 -1.08700853889973 0.903210712535286 
15.9 -1.17174403234 0.790174973172454 
16 -1.24477111366668 0.669244985744648 
16.1 -1.30536021584186 0.541629111301534 
16.2 -1.35290605437425 0.408602504196815 
16.3 -1.38693367410469 0.271494370580801 
16.4 -1.40710319373049 0.131674686929779 
16.5 -1.41321320067366 -0.00945948867896385 
16.6 -1.40520276238384 -0.150497975769489 
16.7 -1.38315203399093 -0.290031561668628 
16.8 -1.34728145624773 -0.42666608192038 
16.9 -1.2979495517881 -0.559036350226176 
17 -1.23564934173158 -0.685819798728558 
17.1 -1.16100341844986 -0.805749692351118 
17.2 -1.07475772373789 -0.917627785164607 
17.3 -0.977774094566933 -1.02033629232528 
17.4 -0.871021650910291 -1.11284905797126 
17.5 -0.755567111701609 -1.19424180749728 
17.6 -0.632564135694623 -1.263701381778 
17.7 -0.503241793735312 -1.32053386108262 
17.8 -0.368892287635221 -1.36417149751845 
17.9 -0.230858038361452 -1.39417838674644 
18 -0.0905182725594584 -1.41025482230913 
18.1 0.050724758563867 -1.41224028907477 
18.2 0.191459790297012 -1.40011506589944 
18.3 0.330280645424487 -1.37400042150529 
18.4 0.465800284277643 -1.33415740162955 
18.5 0.596664663452271 -1.28098421957435 
18.6 0.721566264722516 -1.21501227624183 
18.7 0.839257158977046 -1.13690084943249 
18.8 0.948561474650504 -1.04743050548078 
18.9 1.04838714607442 -0.947495299067437 
19 1.13773682436761 -0.83809383915567 
19.1 1.21571784185481 -0.720319310327192 
19.2 1.28155113045987 -0.595348549230384 
19.3 1.3345790049724 -0.464430285293322 
19.4 1.37427173342933 -0.328872663203777 
19.5 1.40023282897202 -0.19003017183373 
19.6 1.41220301031523 -0.0492901102155215 
19.7 1.41006279126684 0.0919412741986932 
19.8 1.39383367343633 0.232252836489172 
19.9 1.36367793022632 0.37024263403812 
20 1.31989698427704 0.504531934235524 
20.1 1.26292839458781 0.633778990161338 
20.2 1.19334148343043 0.756692446603548 
20.3 1.11183164676069 0.872044242466335 
20.4 1.01921340498734 0.978681880655612 
20.5 0.916412263543613 1.07553994285024 
20.6 0.804455464598013 1.16165073411309 
20.7 0.6844617223194 1.23615395099156 
20.8 0.557630044267145 1.29830527651482 
20.9 0.42522775060708 1.34748381621825 
21 0.288577810868256 1.3831983009061 
21.1 0.149045624773456 1.40509199418658 
21.2 0.00802537922996119 1.41294625575553 
21.3 -0.133073882199116 1.40668272483655 
21.4 -0.272842338150969 1.38636410197282 
21.5 -0.409883475973834 1.35219352137088 
21.6 -0.542828045144158 1.30451252007931 
21.7 -0.670347738173022 1.24379762430535 
21.8 -0.791168462308641 1.17065558698955 
21.9 -0.904083069431555 1.08581732423413 
22 -1.00796341695377 0.990130611181371 
22.1 -1.10177163921861 0.884551610332913 
22.2 -1.18457051678742 0.770135316965924 
22.3 -1.25553284001391 0.648025017121817 
22.4 -1.3139496733565 0.519440863508153 
22.5 -1.35923743786329 0.385667683467188 
22.6000000000001 -1.39094374107344 0.2480421408365 
22.7000000000001 -1.40875189609492 0.107939379981819 
22.8000000000001 -1.41248408471596 -0.0332407145448995 
22.9000000000001 -1.40210313295698 -0.174087505429652 
23.0000000000001 -1.37771288133347 -0.31319369734271 
23.1000000000001 -1.33955714614209 -0.449169398175788 
23.2000000000001 -1.28801728216016 -0.580656006274761 
23.3000000000001 -1.22360837112293 -0.706339784912377 
23.4000000000001 -1.14697407407357 -0.824964988371588 
23.5000000000001 -1.05888019903077 -0.935346408491408 
23.6000000000001 -0.960207048254556 -1.03638121631886 
23.7000000000001 -0.851940621584117 -1.12705998055467 
23.8000000000001 -0.735162763750822 -1.20647675270672 
23.9000000000001 -0.611040354120181 -1.27383811819097 
24.0000000000001 -0.480813646883514 -1.32847112295302 
24.1000000000001 -0.345783878207621 -1.36982999641879 
24.2000000000001 -0.207300264174107 -1.39750160361109 
24.3000000000001 -0.0667465194260626 -1.41120957196641 
24.4000000000001 0.0744729687723815 -1.41081705162928 
24.5000000000001 0.214947172916176 -1.39632808165536 
24.6000000000001 0.353272523870189 -1.36788754848429 
24.7000000000001 0.488066934841186 -1.32577973710882 
24.8000000000001 0.617983610588345 -1.2704254894283 
24.9000000000001 0.741724503896662 -1.20237799819076 
25.0000000000001 0.858053284863223 -1.12231727856079 
25.1000000000001 0.965807693415225 -1.03104337256247 
25.2000000000001 1.0639111516423 -0.929468354307039 
25.3000000000001 1.15138351992241 -0.818607215896548 
25.4000000000001 1.22735088937647 -0.699567725078144 
25.5000000000001 1.29105431281656 -0.573539355996669 
25.6000000000001 1.34185738695947 -0.441781403653833 
25.7000000000001 1.37925261015612 -0.305610400837443 
25.8000000000001 1.40286645212228 -0.16638696325267 
25.9000000000001 1.41246308502639 -0.025502194299533 
26.0000000000001 1.40794673866549 0.115636214660432 
26.1000000000001 1.38936265620857 0.255618049663902 
26.2000000000001 1.35689664096941 0.393044664593738 
26.3000000000001 1.31087319874929 0.526542955927548 
26.4000000000001 1.25175229432211 0.654779082156381 
26.5000000000001 1.18012475448189 0.776471790795423 
26.6000000000001 1.09670636359507 0.890405219830554 
26.7000000000001 1.00233071066401 0.995441045696976 
26.8000000000001 0.897940859381939 1.09052985641645 
26.9000000000001 0.784579924419454 1.17472163626266 
27.0000000000001 0.663380648110468 1.24717525720256 
27.1000000000001 0.535554081692527 1.30716688228624 
27.2000000000001 0.402377484202488 1.35409719703045 
27.3000000000001 0.265181559944603 1.38749739655151 
27.4000000000001 0.125337162055821 1.40703386863655 
27.5000000000001 -0.0157584049733411 1.41251152597194 
27.6000000000001 -0.156695346958007 1.40387575424558 
27.7000000000001 -0.2960654663554 1.38121295666971 
27.8000000000001 -0.43247623253115 1.34474968949521 
27.9000000000001 -0.564564695369766 1.29485039716671 
28.0000000000001 -0.691011103210061 1.2320137697598 
28.1000000000001 -0.810552089041697 1.15686775910719 
28.2000000000001 -0.921993293214023 1.07016330342233 
28.3000000000001 -1.02422129653962 0.972766823132683 
28.4000000000001 -1.11621474456633 0.865651562912482 
28.5000000000001 -1.19705455187426 0.749887866432047 
28.6000000000001 -1.26593308444702 0.62663248100444 
28.7000000000001 -1.3221622283784 0.497116999002123 
28.8000000000001 -1.36518026430355 0.362635551540669 
28.9000000000001 -1.39455747887751 0.224531877396662 
29.0000000000001 -1.41000045724322 0.0841858963684068 
29.1000000000001 -1.41135501361112 -0.0570000787615502 
29.2000000000001 -1.39860773068004 -0.197615353893252 
29.3000000000001 -1.37188609252963 -0.336254948903343 
29.4000000000001 -1.33145720966813 -0.471533635729701 
29.5000000000001 -1.2777251489861 -0.60209977898292 
29.6000000000002 -1.21122689530605 -0.726648840795118 
29.7000000000002 -1.13262698489014 -0.84393641497253 
29.8000000000002 -1.04271086453759 -0.952790660222532 
29.9000000000002 -0.942377042636024 -1.05212400823109 
30.0000000000002 -0.832628110601107 -1.1409440296131 
30.1000000000002 -0.71456072442506 -1.21836334917338 
30.2000000000002 -0.589354646443793 -1.28360851141594 
30.3000000000002 -0.458260956821882 -1.33602770772884 
30.4000000000002 -0.322589552549511 -1.37509728804624 
30.5000000000002 -0.18369605886348 -1.40042699193554 
30.6000000000002 -0.0429682838742646 -1.4117638468524 
30.7000000000002 0.0981876482558711 -1.40899469462492 
30.8000000000002 0.238361347027979 -1.39214732093425 
30.9000000000002 0.376152247832775 -1.36139017651795 
31.0000000000002 0.510183605882653 -1.31703069289339 
31.1000000000002 0.639116252027096 -1.25951220944164 
31.2000000000002 0.761661973009551 -1.18940954256706 
31.3000000000002 0.876596382477448 -1.10742324121543 
31.4000000000002 0.982771154146401 -1.01437258615869 
31.5000000000002 1.07912549489385 -0.911187403005616 
31.6000000000002 1.16469674315277 -0.798898770750352 
31.7000000000002 1.23862998671692 -0.678628718705182 
31.8000000000002 1.3001866038674 -0.551579014771084 
31.9000000000002 1.34875164248938 -0.4190191570778 
32.0000000000002 1.38383996345853 -0.282273688983889 
32.1000000000002 1.40510108692479 -0.142708964187026 
32.2000000000002 1.41232269308151 -0.00171949418809897 
32.3000000000002 1.40543274245255 0.139285985475479 
32.4000000000002 1.38450019452365 0.278898591002947 
32.5000000000002 1.34973431754924 0.415723367467877 
32.6000000000002 1.30148259644261 0.548393226665869 
32.7000000000002 1.24022725966492 0.675582606410728 
32.8000000000002 1.1665804598266 0.796020714801889 
32.9000000000002 1.08127815616641 0.908504227133901 
33.0000000000002 0.985172760043374 1.01190930858884 
33.1000000000002 0.879224616935704 1.10520284259023 
33.2000000000002 0.764492410065768 1.18745275263469 
33.3000000000002 0.642122581544075 1.25783731447642 
33.4000000000002 0.513337876741126 1.31565336562819 
33.5000000000002 0.379425126355539 1.36032333016137 
33.6000000000002 0.241722388262651 1.39140098862506 
33.7000000000002 0.101605577623603 1.40857593544349 
33.8000000000002 -0.039525281152956 1.41167667926569 
33.9000000000002 -0.180260043227216 1.40067235530093 
34.0000000000002 -0.319192533148623 1.37567303254224 
34.1000000000002 -0.454934594898346 1.33692861282019 
34.2000000000002 -0.586129961770403 1.28482633269874 
34.3000000000002 -0.711467807509309 1.21988689318516 
34.4000000000002 -0.829695843308081 1.14275925593623 
34.5000000000002 -0.939632829809174 1.05421415796629 
34.6000000000002 -1.0401803790971 0.955136409667174 
34.7000000000002 -1.13033392876672 0.846516053105645 
34.8000000000002 -1.2091927784246 0.729438468951573 
34.9000000000002 -1.27596908834947 0.605073530894093 
35.0000000000002 -1.32999575040865 0.4746639159194 
35.1000000000002 -1.3707330525959 0.339512687257339 
35.2000000000002 -1.39777407061077 0.200970274070229 
35.3000000000002 -1.41084873261906 0.0604209779839024 
35.4000000000002 -1.40982651659136 -0.080730858712487 
35.5000000000002 -1.39471775328028 -0.221074884991962 
35.6000000000002 -1.36567352182884 -0.35920883293615 
35.7000000000002 -1.32298413906491 -0.493752528700715 
35.8000000000002 -1.26707625758763 -0.623361682607191 
35.9000000000002 -1.19850860165274 -0.746741320576654 
36.0000000000002 -1.11796638347357 -0.862658722705435 
36.1000000000002 -1.02625445573944 -0.969955739708686 
36.2000000000002 -0.92428926877983 -1.0675603641748 
36.3000000000002 -0.813089712745813 -1.15449744102044 
36.4000000000002 -0.69376693632021 -1.2298984101378 
36.5000000000002 -0.567513243693186 -1.29300998389641 
36.6000000000003 -0.435590180749061 -1.34320167280563 
36.7000000000003 -0.299315929510221 -1.37997208415305 
36.8000000000003 -0.160052136794723 -1.40295393069506 
36.9000000000003 -0.0191903086963601 -1.41191769936492 
37.0000000000003 0.121862093167053 -1.40677394335295 
37.1000000000003 0.26169571471262 -1.38757417466834 
37.2000000000003 0.398913391243446 -1.35451034827619 
37.3000000000003 0.532144107390135 -1.30791294297567 
37.4000000000003 0.660056695660256 -1.24824765820634 
37.5000000000003 0.781373136726221 -1.17611075979856 
37.6000000000003 0.89488132856248 -1.09222312118307 
37.7000000000003 0.99944719685111 -0.997423019608999 
37.8000000000003 1.09402602565782 -0.892657759358652 
37.9000000000003 1.17767289517217 -0.778974205667019 
38.0000000000003 1.24955212222873 -0.657508323937329 
38.1000000000003 1.30894560929067 -0.529473828781807 
38.2000000000003 1.35526001848426 -0.39615005631038 
38.3000000000003 1.38803269901349 -0.25886918085015 
38.4000000000003 1.40693630873997 -0.119002903827718 
38.5000000000003 1.41178208376173 0.022051252180627 
38.6000000000003 1.40252172333356 0.162883907281937 
38.7000000000003 1.37924787130658 0.302087906458328 
38.8000000000003 1.34219318928862 0.438272379411476 
38.9000000000003 1.2917280307976 0.570076637578399 
39.0000000000003 1.2283567396587 0.696183769465134 
39.1000000000003 1.15271260964214 0.815333798460403 
39.2000000000003 1.0655515557143 0.926336271664041 
39.3000000000003 0.967744560147934 1.0280821539512 
39.4000000000003 0.860268968977733 1.11955490843621 
39.5000000000003 0.744198725773962 1.19984065263031 
39.6000000000003 0.620693640324167 1.26813728882359 
39.7000000000003 0.490987799454991 1.32376251747183 
39.8000000000003 0.356377235796778 1.36616065353006 
39.9000000000003 0.218206977707043 1.39490817763613 
40.0000000000003 0.0778576097511677 1.40971796668903 
40.1000000000003 -0.0632685219720432 1.41044216156241 
40.2000000000003 -0.20376132182483 1.39707364331106 
40.3000000000003 -0.342217033939593 1.36974610313232 
40.4000000000003 -0.477252268065939 1.32873270539503 
40.5000000000003 -0.607517821814213 1.27444335710613 
40.6000000000003 -0.731712161189571 1.20742061110948 
40.7000000000003 -0.848594424726053 1.12833424396184 
40.8000000000003 -0.95699682129128 1.03797456267355 
40.9000000000003 -1.05583629769173 0.937244507201271 
41.0000000000003 -1.14412535950553 0.827150627612373 
41.1000000000003 -1.22098193703131 0.708793026083675 
41.2000000000003 -1.28563819778351 0.583354364239631 
41.3000000000003 -1.33744821749118 0.452088045673047 
41.4000000000003 -1.37589443296341 0.316305691731812 
41.5000000000003 -1.40059281235649 0.177364035715639 
41.6000000000003 -1.41129669119365 0.0366513664368042 
41.7000000000003 -1.40789923582029 -0.104426343399546 
41.8000000000003 -1.3904345096918 -0.244459485391941 
41.9000000000003 -1.35907713185171 -0.382048899849213 
42.0000000000003 -1.31414053102418 -0.515819855679829 
42.1000000000003 -1.25607381277702 -0.644435786082011 
42.2000000000003 -1.18545727106928 -0.76661164279384 
42.3000000000003 -1.10299658904168 -0.881126735474954 
42.4000000000003 -1.00951578700489 -0.986836927936907 
42.5000000000003 -0.905948988097498 -1.08268606936654 
42.6000000000003 -0.793331083898584 -1.16771654633144 
42.7000000000003 -0.672787393270335 -1.24107885014233 
42.8000000000003 -0.545522417764774 -1.30204006398644 
42.9000000000003 -0.412807805954638 -1.34999118504002 
43.0000000000003 -0.275969646951702 -1.3844532084093 
43.1000000000003 -0.136375220077416 -1.40508191212126 
43.2000000000003 0.00458066691641068 -1.41167129536505 
43.3000000000003 0.145489614569106 -1.40415563564107 
43.4000000000003 0.284943704121094 -1.38261014427505 
43.5000000000003 0.421549565003947 -1.34725021375892 
43.6000000000003 0.553942296852526 -1.29842926445056 
43.7000000000004 0.680799106935911 -1.2366352121592 
43.8000000000004 0.800852526748458 -1.16248559192263 
43.9000000000004 0.912903075708326 -1.0767213867093 
44.0000000000004 1.01583124543626 -0.980199622717538 
44.1000000000004 1.10860868487705 -0.873884805267897 
44.2000000000004 1.19030847451191 -0.758839280867999 
44.3000000000004 1.26011438701267 -0.63621262175822 
44.4000000000004 1.31732904181647 -0.507230139012664 
44.5000000000004 1.36138087215215 -0.373180638976256 
44.6000000000004 1.39182983491585 -0.235403545378185 
44.7000000000004 1.40837180635486 -0.0952755157988616 
44.8000000000004 1.41084161965034 0.0458033137812266 
44.9000000000004 1.3992147140596 0.186423318907413 
45.0000000000004 1.37360737915171 0.325179471266492 
45.1000000000004 1.33427559170785 0.460685377262139 
45.2000000000004 1.2816124569193 0.591587130281328 
45.3000000000004 1.21614427946162 0.716576838245699 
45.4000000000004 1.13852530371278 0.834405691287389 
45.5000000000004 1.0495311756807 0.943896438984945 
45.6000000000004 0.950051191976962 1.04395515249548 
45.7000000000004 0.841079413292946 1.13358215406537 
45.8000000000004 0.723704731178956 1.21188200472212 
45.9000000000004 0.599099987384969 1.27807245036121 
46.0000000000004 0.468510254486984 1.33149223685 
46.1000000000004 0.333240394902357 1.37160771607203 
46.2000000000004 0.194642022606654 1.39801817691609 
46.3000000000004 0.0540999978314977 1.41045984795508 
46.4000000000004 -0.0869814103118416 1.40880853183215 
46.5000000000004 -0.227192555021525 1.39308084504352 
46.6000000000004 -0.365132496609929 1.36343405074199 
46.7000000000004 -0.499423000192621 1.32016448624338 
46.8000000000004 -0.628722306401622 1.2637046009596 
46.9000000000004 -0.751738537532081 1.19461863436571 
47.0000000000004 -0.867242605175264 1.11359697719693 
47.1000000000004 -0.974080490372881 1.02144927222761 
47.2000000000004 -1.07118477359841 0.919096323577584 
47.3000000000004 -1.15758529936758 0.807560895395455 
47.4000000000004 -1.23241886892772 0.687957491864948 
47.5000000000004 -1.2949378641876 0.561481220657673 
47.6000000000004 -1.34451771672898 0.429395851112989 
47.7000000000004 -1.38066314728145 0.293021186470647 
47.8000000000004 -1.4030131133277 0.153719876334696 
47.9000000000004 -1.41134441541514 0.0128838011391404 
48.0000000000004 -1.40557392615179 -0.128079835338833 
48.1000000000004 -1.38575941962637 -0.267762566456293 
48.2000000000004 -1.35209899297702 -0.404768735683377 
48.3000000000004 -1.30492908589974 -0.537729441470499 
48.4000000000004 -1.24472111789677 -0.665316214672138 
48.5000000000004 -1.17207677687585 -0.786254291868805 
48.6000000000004 -1.08772200618657 -0.899335351967567 
48.7000000000004 -0.99249975018421 -1.00342958882536 
48.8000000000004 -0.887361530815558 -1.09749699927462 
48.9000000000004 -0.773357939400564 -1.18059777377133 
49.0000000000004 -0.651628138622056 -1.25190168585263 
49.1000000000004 -0.523388479624658 -1.3106963865958 
49.2000000000004 -0.38992034796472 -1.35639452121202 
49.3000000000004 -0.25255735985723 -1.38853959667777 
49.4000000000004 -0.11267203665628 -1.4068105417868 
49.5000000000004 0.0283379092820498 -1.41102491407071 
49.6000000000004 0.169063540323699 -1.40114072155704 
49.7000000000004 0.308098771324191 -1.3772568411736 
49.8000000000004 0.444054418778068 -1.33961202963053 
49.9000000000004 0.575572080975626 -1.28858253667437 
50.0000000000004 0.701337710482073 -1.2246783445736 
