0 1 -1 
0.01 1.00994983333333 -0.989950166666667 
0.02 1.01979867251664 -0.979801339149972 
0.03 1.02954553267429 -0.969554532324294 
0.04 1.03918943912848 -0.959210770861857 
0.05 1.04872942749668 -0.948771089130269 
0.06 1.05816454378809 -0.938236531089083 
0.07 1.06749384449904 -0.927608150185405 
0.08 1.07671639670731 -0.916887009248546 
0.09 1.08583127816546 -0.906074180383744 
0.1 1.09483757739302 -0.89517074486495 
0.11 1.10373439376768 -0.884177793026706 
0.12 1.11252083761529 -0.87309642415511 
0.13 1.12119603029889 -0.861927746377889 
0.14 1.12975910430653 -0.850672876553586 
0.15 1.13820920333804 -0.839332940159877 
0.16 1.14654548239065 -0.827909071181023 
0.17 1.15476710784349 -0.816402411994471 
0.18 1.16287325754098 -0.804814113256621 
0.19 1.17086312087498 -0.793145333787758 
0.2 1.17873589886592 -0.781397240456172 
0.21 1.18649080424267 -0.769571008061473 
0.22 1.19412706152124 -0.757667819217111 
0.23 1.20164390708236 -0.745688864232115 
0.24 1.20904058924785 -0.733635340992064 
0.25 1.21631636835575 -0.721508454839301 
0.26 1.22347051683432 -0.709309418452396 
0.27 1.23050231927476 -0.697039451724883 
0.28 1.23741107250281 -0.684699781643269 
0.29 1.24419608564899 -0.672291642164337 
0.3 1.25085668021774 -0.659816274091754 
0.31 1.25739219015527 -0.647274924951985 
0.32 1.26380196191612 -0.63466884886955 
0.33 1.27008535452858 -0.621999306441605 
0.34 1.27624173965872 -0.60926756461189 
0.35 1.28227050167326 -0.596474896544029 
0.36 1.28817103770114 -0.583622581494219 
0.37 1.29394275769376 -0.570711904683306 
0.38 1.29958508448406 -0.557744157168261 
0.39 1.30509745384416 -0.544720635713076 
0.4 1.31047931454183 -0.531642642659091 
0.41 1.31573012839558 -0.518511485794759 
0.42 1.32084937032853 -0.505328478224868 
0.43 1.32583652842085 -0.492094938239233 
0.44 1.330691103961 -0.478812189180867 
0.45 1.33541261149558 -0.465481559313649 
0.46 1.34000057887788 -0.452104381689496 
0.47 1.3444545473151 -0.438681994015063 
0.48 1.34877407141422 -0.425215738517969 
0.49 1.35295871922654 -0.411706961812579 
0.5 1.35700807229088 -0.398157014765343 
0.51 1.36092172567541 -0.384567252359708 
0.52 1.36469928801818 -0.370939033560624 
0.53 1.36834038156622 -0.357273721178645 
0.54 1.3718446422133 -0.343572681733654 
0.55 1.37521171953642 -0.329837285318208 
0.56 1.37844127683074 -0.316068905460531 
0.57 1.38153299114335 -0.302268918987164 
0.58 1.38448655330551 -0.288438705885279 
0.59 1.38730166796358 -0.274579649164689 
0.6 1.38997805360856 -0.260693134719539 
0.61 1.39251544260422 -0.246780551189727 
0.62 1.39491358121389 -0.232843289822032 
0.63 1.39717222962584 -0.218882744330999 
0.64 1.39929116197721 -0.204900310759562 
0.65 1.40127016637665 -0.190897387339446 
0.66 1.4031090449255 -0.17687537435134 
0.67 1.40480761373754 -0.162835673984875 
0.68 1.40636570295742 -0.148779690198403 
0.69 1.40778315677764 -0.134708828578603 
0.7 1.40905983345412 -0.120624496199923 
0.71 1.41019560532036 -0.106528101483878 
0.72 1.41119035880025 -0.0924210540582008 
0.73 1.41204399441938 -0.0783047646158886 
0.74 1.41275642681503 -0.0641806447741297 
0.75 1.41332758474465 -0.0500501069331452 
0.76 1.41375741109306 -0.0359145641349495 
0.77 1.4140458628781 -0.0217754299220473 
0.78 1.41419291125493 -0.0076341181960807 
0.79 1.41419854151898 0.00650795692355991 
0.8 1.41406275310733 0.0206493812411466 
0.81 1.41378555959882 0.0347887406260323 
0.820000000000001 1.41336698871271 0.0489246211540626 
0.830000000000001 1.41280708230583 0.0630556092489672 
0.840000000000001 1.4121058963685 0.0771802918237161 
0.850000000000001 1.41126350101882 0.0912972564218271 
0.860000000000001 1.41027998049576 0.105405091358611 
0.870000000000001 1.40915543315067 0.119502385862337 
0.880000000000001 1.40788997143745 0.133587730215312 
0.890000000000001 1.40648372190135 0.147659715894847 
0.900000000000001 1.40493682516626 0.161716935714112 
0.910000000000001 1.40324943592068 0.175757983962851 
0.920000000000001 1.40142172290225 0.189781456547954 
0.930000000000001 1.39945386888087 0.203785951133862 
0.940000000000001 1.39734607064041 0.217770067282803 
0.950000000000001 1.39509853895907 0.231732406594831 
0.960000000000001 1.39271149858824 0.245671572847669 
0.970000000000001 1.39018518823009 0.259586172136326 
0.980000000000001 1.38751986051368 0.273474813012488 
0.990000000000001 1.38471578196967 0.287336106623664 
1 1.38177323300368 0.301168666852066 
1.01 1.37869250786829 0.314971110453222 
1.02 1.37547391463355 0.328742057194297 
1.03 1.37211777515622 0.34248012999212 
1.04 1.36862442504756 0.356183955050887 
1.05 1.36499421363979 0.369852161999539 
1.06 1.36122750395114 0.383483384028802 
1.07 1.35732467264955 0.397076258027861 
1.08 1.35328611001502 0.410629424720676 
1.09 1.34911221990055 0.424141528801905 
1.1 1.34480341969179 0.437611219072434 
1.11 1.34036014026528 0.451037148574495 
1.12 1.33578282594538 0.464417974726362 
1.13 1.33107193445982 0.477752359456609 
1.14 1.32622793689392 0.491038969337912 
1.15 1.32125131764352 0.504276475720395 
1.16 1.31614257436652 0.517463554864491 
1.17 1.31090221793308 0.530598888073317 
1.18 1.3055307723746 0.543681161824541 
1.19 1.30002877483126 0.556709067901734 
1.2 1.29439677549835 0.569681303525189 
1.21 1.2886353375712 0.5825965714822 
1.22 1.28274503718893 0.595453580256782 
1.23 1.27672646337677 0.608251044158819 
1.24 1.27058021798719 0.620987683452635 
1.25 1.26430691563971 0.633662224484964 
1.26 1.25790718365945 0.646273399812318 
1.27 1.25138166201437 0.658819948327725 
1.28 1.24473100325132 0.671300615386842 
1.29 1.23795587243072 0.683714152933418 
1.3 1.23105694706013 0.6960593196241 
1.31 1.22403491702642 0.708334880952562 
1.32 1.21689048452686 0.720539609372959 
1.33 1.20962436399884 0.732672284422679 
1.34 1.20223728204846 0.744731692844385 
1.35 1.19472997737786 0.756716628707347 
1.36 1.18710320071135 0.768625893528028 
1.37 1.17935771472035 0.780458296389931 
1.38 1.1714942939471 0.792212654062696 
1.39 1.16351372472722 0.803887791120415 
1.4 1.15541680511108 0.815482540059177 
1.41 1.14720434478399 0.826995741413817 
1.42 1.13887716498523 0.838426243873862 
1.43 1.13043609842595 0.84977290439866 
1.44 1.12188198920586 0.861034588331683 
1.45 1.11321569272885 0.872210169513994 
1.46 1.10443807561743 0.883298530396858 
1.47 1.09555001562611 0.8942985621535 
1.48 1.08655240155355 0.905209164789984 
1.49 1.07744613315377 0.916029247255213 
1.5 1.0682321210461 0.926757727550033 
1.51 1.05891128662417 0.937393532835429 
1.52 1.04948456196374 0.947935599539815 
1.53 1.03995288972951 0.958382873465382 
1.54 1.03031722308085 0.968734309893522 
1.55 1.02057852557648 0.978988873689298 
1.56 1.01073777107812 0.989145539404958 
1.57 1.0007959436531 0.999203291382473 
1.58 0.990754037475977 1.00916112385511 
1.59 0.980613056729073 1.01901804104801 
1.6 0.970374015502096 1.02877305727773 
1.61 0.96003793769072 1.03842519705089 
1.62 0.949605856894193 1.04797349516162 
1.63 0.939078816311981 1.05741699678816 
1.64 0.92845786863945 1.06675475758831 
1.65 0.917744075962595 1.07598584379384 
1.66 0.906938509651832 1.08510933230393 
1.67 0.896042250254866 1.09412431077742 
1.68 0.88505638738863 1.10302987772405 
1.69 0.873982019630333 1.11182514259465 
1.7 0.862820254407596 1.12050922587016 
1.71 0.851572207887711 1.12908125914957 
1.72 0.840239004866031 1.13754038523678 
1.73 0.828821778653484 1.14588575822635 
1.74 0.817321670963248 1.15411654358801 
1.75 0.805739831796577 1.16223191825018 
1.76 0.794077419327805 1.17023107068226 
1.77 0.782335599788528 1.17811320097577 
1.78 0.770515547350981 1.18587752092434 
1.79 0.758618444010623 1.19352325410255 
1.8 0.74664547946794 1.20104963594354 
1.81 0.73459785100947 1.20845591381551 
1.82 0.722476763388083 1.21574134709694 
1.83 0.710283428702502 1.22290520725067 
1.84 0.698019066276095 1.22994677789676 
1.85 0.685684902534943 1.23686535488412 
1.86 0.673282170885201 1.2436602463609 
1.87 0.660812111589756 1.25033077284374 
1.88 0.648275971644201 1.25687626728565 
1.89 0.63567500465214 1.26329607514273 
1.9 0.623010470699826 1.26958955443966 
1.91 0.610283636230154 1.27575607583386 
1.92 0.597495773916016 1.28179502267843 
1.93 0.58464816253304 1.28770579108383 
1.94 0.571742086831707 1.29348778997824 
1.95 0.558778837408881 1.29914044116671 
1.96 0.54575971057875 1.30466317938894 
1.97 0.532686008243195 1.3100554523758 
1.98 0.519559037761601 1.31531672090461 
1.99 0.50638011182012 1.32044645885301 
2 0.493150548300408 1.32544415325159 
2.01 0.479871670147836 1.33030930433517 
2.02 0.466544805239195 1.33504142559282 
2.03 0.453171286249909 1.33964004381646 
2.04 0.439752450520772 1.34410469914822 
2.05 0.426289639924214 1.3484349451264 
2.06 0.412784200730111 1.35263034873011 
2.07 0.399237483471165 1.35669049042261 
2.08 0.385650842807847 1.36061496419322 
2.09 0.372025637392935 1.36440337759795 
2.1 0.358363229735649 1.36805535179872 
2.11 0.3446649860654 1.37157052160129 
2.12 0.330932276195171 1.3749485354917 
2.13 0.317166473384534 1.37818905567149 
2.14 0.303368954202325 1.38129175809148 
2.15 0.289541098388994 1.3842563324841 
2.16 0.275684288718622 1.38708248239452 
2.17 0.261799910860654 1.3897699252102 
2.18 0.24788935324133 1.39231839218923 
2.19 0.233954006904841 1.39472762848714 
2.2 0.219995265374229 1.39699739318243 
2.21 0.206014524512035 1.39912745930064 
2.22 0.192013182380713 1.40111761383704 
2.23 0.177992639102826 1.40296765777796 
2.24 0.163954296721034 1.40467740612066 
2.25 0.149899559057893 1.40624668789185 
2.26 0.135829831575469 1.40767534616477 
2.27 0.1217465212348 1.40896323807491 
2.28 0.107651036355196 1.41011023483427 
2.29 0.0935447864734079 1.41111622174424 
2.29999999999999 0.0794291822026788 1.41198109820709 
2.30999999999999 0.0653056350916808 1.41270477773601 
2.31999999999999 0.0511755574833625 1.41328718796376 
2.32999999999999 0.0370403623737153 1.41372827064994 
2.33999999999999 0.0229014632704756 1.41402798168675 
2.34999999999999 0.00876027405177489 1.41418629110346 
2.35999999999999 -0.00538179117524714 1.41420318306938 
2.36999999999999 -0.0195233182158517 1.41407865589544 
2.37999999999999 -0.0336628929291193 1.41381272203437 
2.38999999999999 -0.0477991013693628 1.41340540807946 
2.39999999999999 -0.061930529927521 1.41285675476188 
2.40999999999999 -0.0760557654725176 1.41216681694662 
2.41999999999999 -0.090173395492574 1.41133566362701 
2.42999999999999 -0.104282008236459 1.4103633779178 
2.43999999999999 -0.118380192854662 1.40925005704688 
2.44999999999999 -0.132466539540479 1.40799581234551 
2.45999999999999 -0.146539639670988 1.40660076923724 
2.46999999999999 -0.160598085947915 1.40506506722535 
2.47999999999999 -0.17464047253836 1.40338885987885 
2.48999999999999 -0.188665395215378 1.40157231481722 
2.49999999999999 -0.202671451498404 1.39961561369356 
2.50999999999999 -0.216657240793496 1.39751895217647 
2.51999999999999 -0.230621364533395 1.39528253993046 
2.52999999999999 -0.244562426317383 1.39290660059503 
2.53999999999999 -0.258479032050918 1.39039137176223 
2.54999999999999 -0.272369790085042 1.38773710495297 
2.55999999999999 -0.28623331135555 1.38494406559183 
2.56999999999999 -0.30006820952189 1.38201253298055 
2.57999999999999 -0.313873101105797 1.37894280027005 
2.58999999999999 -0.327646605629642 1.37573517443116 
2.59999999999999 -0.341387345754476 1.37238997622391 
2.60999999999999 -0.355093947417765 1.36890754016545 
2.61999999999999 -0.368765039970792 1.36528821449659 
2.62999999999999 -0.382399256315724 1.36153236114699 
2.63999999999999 -0.395995233042318 1.35764035569899 
2.64999999999999 -0.409551610564263 1.35361258734999 
2.65999999999999 -0.423067033255137 1.34944945887358 
2.66999999999999 -0.436540149583966 1.34515138657926 
2.67999999999999 -0.449969612250382 1.34071880027078 
2.68999999999999 -0.463354078319344 1.3361521432032 
2.69999999999999 -0.476692209355436 1.33145187203852 
2.70999999999999 -0.489982671556708 1.32661845680007 
2.71999999999999 -0.503224135888055 1.32165238082544 
2.72999999999999 -0.516415278214118 1.31655414071821 
2.73999999999999 -0.529554779431699 1.31132424629824 
2.74999999999999 -0.542641325601669 1.30596322055074 
2.75999999999999 -0.555673608080359 1.30047159957392 
2.76999999999998 -0.568650323650428 1.2948499325254 
2.77999999999998 -0.581570174651177 1.28909878156733 
2.78999999999998 -0.594431869108321 1.2832187218101 
2.79999999999998 -0.60723412086318 1.2772103412549 
2.80999999999998 -0.619975649701295 1.27107424073489 
2.81999999999998 -0.632655181480453 1.26481103385512 
2.82999999999998 -0.645271448258091 1.25842134693115 
2.83999999999998 -0.657823188418098 1.25190581892647 
2.84999999999998 -0.670309146796972 1.24526510138854 
2.85999999999998 -0.682728074809334 1.23849985838369 
2.86999999999998 -0.695078730572788 1.23161076643069 
2.87999999999998 -0.707359879032105 1.2245985144331 
2.88999999999998 -0.719570292082732 1.21746380361037 
2.89999999999998 -0.731708748693597 1.21020734742774 
2.90999999999998 -0.743774035029215 1.20282987152489 
2.91999999999998 -0.755764944571068 1.19533211364336 
2.92999999999998 -0.767680278238254 1.18771482355279 
2.93999999999998 -0.779518844507399 1.17997876297595 
2.94999999999998 -0.791279459531806 1.17212470551253 
2.95999999999998 -0.802960947259837 1.16415343656185 
2.96999999999998 -0.81456213955252 1.15606575324424 
2.97999999999998 -0.826081876300359 1.14786246432141 
2.98999999999998 -0.837519005539348 1.13954439011551 
2.99999999999998 -0.848872383566161 1.13111236242711 
3.00999999999998 -0.860140875052526 1.12256722445206 
3.01999999999998 -0.871323353158757 1.11390983069712 
3.02999999999998 -0.882418699646432 1.10514104689456 
3.03999999999998 -0.893425804990221 1.09626174991553 
3.04999999999998 -0.904343568488835 1.08727282768243 
3.05999999999998 -0.915170898375097 1.07817517908009 
3.06999999999998 -0.925906711925116 1.06896971386587 
3.07999999999998 -0.936549935566559 1.05965735257871 
3.08999999999998 -0.947099504986009 1.05023902644707 
3.09999999999998 -0.957554365235393 1.04071567729581 
3.10999999999998 -0.967913470837476 1.03108825745198 
3.11999999999998 -0.978175785890411 1.02135772964965 
3.12999999999998 -0.988340284171325 1.01152506693356 
3.13999999999998 -0.998405949238941 1.00159125256188 
3.14999999999998 -1.00837177453522 0.991557279907852 
3.15999999999998 -1.01823676348603 0.981424152360466 
3.16999999999998 -1.02799992960077 0.971192883224115 
3.17999999999998 -1.03766029657105 0.960864495617268 
3.18999999999998 -1.04721689836831 0.950440022370159 
3.19999999999998 -1.05666877934042 0.939920505921508 
3.20999999999998 -1.06601499430725 0.929306998214271 
3.21999999999998 -1.07525460865518 0.918600560590453 
3.22999999999998 -1.08438669843056 0.907802263684973 
3.23999999999997 -1.09341035043211 0.8969131873186 
3.24999999999997 -1.10232466230224 0.885934420389971 
3.25999999999997 -1.11112874261729 0.874867060766706 
3.26999999999997 -1.11982171097665 0.863712215175619 
3.27999999999997 -1.12840269809082 0.852470999092045 
3.28999999999997 -1.13687084586834 0.841144536628299 
3.29999999999997 -1.14522530750157 0.829733960421258 
3.30999999999997 -1.15346524755141 0.818240411519106 
3.31999999999997 -1.16158984203083 0.806665039267224 
3.32999999999997 -1.16959827848722 0.795009001193259 
3.33999999999997 -1.17748975608373 0.783273462891374 
3.34999999999997 -1.18526348567926 0.771459597905685 
3.35999999999997 -1.19291868990744 0.759568587612911 
3.36999999999997 -1.20045460325431 0.747601621104238 
3.37999999999997 -1.20787047213491 0.735559895066407 
3.38999999999997 -1.21516555496866 0.72344461366205 
3.39999999999997 -1.22233912225343 0.711256988409273 
3.40999999999997 -1.22939045663857 0.698998238060505 
3.41999999999997 -1.23631885299664 0.686669588480626 
3.42999999999997 -1.24312361849387 0.674272272524377 
3.43999999999997 -1.24980407265947 0.661807529913082 
3.44999999999997 -1.25635954745372 0.64927660711067 
3.45999999999997 -1.26278938733468 0.636680757199036 
3.46999999999997 -1.26909294932385 0.624021239752727 
3.47999999999997 -1.27526960307037 0.611299320712992 
3.48999999999997 -1.28131873091412 0.598516272261187 
3.49999999999997 -1.28723972794748 0.585673372691554 
3.50999999999997 -1.29303200207577 0.5727719062834 
3.51999999999997 -1.29869497407651 0.559813163172661 
3.52999999999997 -1.30422807765734 0.5467984392229 
3.53999999999997 -1.30963075951261 0.533729035895712 
3.54999999999997 -1.31490247937876 0.520606260120584 
3.55999999999997 -1.32004271008828 0.507431424164204 
3.56999999999997 -1.32505093762252 0.494205845499231 
3.57999999999997 -1.32992666116299 0.480930846672554 
3.58999999999997 -1.33466939314151 0.467607755173034 
3.59999999999997 -1.33927865928896 0.454237903298759 
3.60999999999997 -1.34375399868267 0.440822628023814 
3.61999999999997 -1.34809496379253 0.427363270864586 
3.62999999999997 -1.35230112052578 0.413861177745612 
3.63999999999997 -1.35637204827034 0.400317698864987 
3.64999999999997 -1.36030733993696 0.386734188559348 
3.65999999999997 -1.36410660199986 0.37311200516844 
3.66999999999997 -1.36776945453611 0.359452510899284 
3.67999999999997 -1.37129553126363 0.345757071689953 
3.68999999999997 -1.37468447957779 0.332027057072988 
3.69999999999997 -1.37793596058669 0.318263840038436 
3.70999999999996 -1.38104964914508 0.304468796896561 
3.71999999999996 -1.38402523388678 0.290643307140207 
3.72999999999996 -1.38686241725594 0.276788753306854 
3.73999999999996 -1.38956091553669 0.262906520840365 
3.74999999999996 -1.39212045888156 0.248997997952443 
3.75999999999996 -1.39454079133848 0.235064575483806 
3.76999999999996 -1.39682167087632 0.221107646765112 
3.77999999999996 -1.39896286940915 0.207128607477622 
3.78999999999996 -1.40096417281902 0.193128855513635 
3.79999999999996 -1.40282538097737 0.179109790836698 
3.80999999999996 -1.40454630776506 0.165072815341613 
3.81999999999996 -1.40612678109095 0.151019332714246 
3.82999999999996 -1.40756664290915 0.136950748291165 
3.83999999999996 -1.40886574923479 0.122868468919099 
3.84999999999996 -1.41002397015844 0.108773902814263 
3.85999999999996 -1.41104118985909 0.0946684594215333 
3.86999999999996 -1.41191730661574 0.0805535492735029 
3.87999999999996 -1.41265223281755 0.0664305838494329 
3.88999999999996 -1.41324589497264 0.0523009754341037 
3.89999999999996 -1.41369823371541 0.0381661369765881 
3.90999999999996 -1.41400920381246 0.0240274819489575 
3.91999999999996 -1.41417877416718 0.00988642420493601 
3.92999999999996 -1.41420692782279 -0.0042556221614837 
3.93999999999996 -1.41409366196405 -0.0183972429574488 
3.94999999999996 -1.41383898791758 -0.0325370240326645 
3.95999999999996 -1.4134429311507 -0.0466735514208074 
3.96999999999996 -1.41290553126886 -0.0608054114809215 
3.97999999999996 -1.41222684201172 -0.0749311910387808 
3.98999999999996 -1.41140693124776 -0.0890494775282057 
3.99999999999996 -1.4104458809675 -0.103158859132318 
4.00999999999996 -1.40934378727527 -0.117257924924723 
4.01999999999996 -1.40810076037965 -0.131345265010599 
4.02999999999996 -1.4067169245824 -0.145419470667684 
4.03999999999996 -1.40519241826607 -0.159479134487154 
4.04999999999996 -1.40352739388014 -0.173522850514354 
4.05999999999996 -1.40172201792578 -0.187549214389398 
4.06999999999996 -1.39977647093919 -0.2015568234876 
4.07999999999996 -1.39769094747357 -0.215544277059739 
4.08999999999996 -1.39546565607965 -0.22951017637213 
4.09999999999996 -1.39310081928482 -0.243453124846499 
4.10999999999996 -1.39059667357091 -0.257371728199635 
4.11999999999996 -1.38795346935053 -0.271264594582822 
4.12999999999996 -1.385171470942 -0.28513033472102 
4.13999999999996 -1.38225095654296 -0.298967562051792 
4.14999999999996 -1.37919221820254 -0.312774892863959 
4.15999999999996 -1.37599556179214 -0.326550946435972 
4.16999999999996 -1.37266130697485 -0.340294345173978 
4.17999999999996 -1.36918978717349 -0.354003714749583 
4.18999999999996 -1.36558134953725 -0.367677684237283 
4.19999999999995 -1.36183635490701 -0.381314886251552 
4.20999999999995 -1.35795517777923 -0.394913957083584 
4.21999999999995 -1.3539382062685 -0.408473536837659 
4.22999999999995 -1.34978584206874 -0.421992269567134 
4.23999999999995 -1.34549850041301 -0.435468803410036 
4.24999999999995 -1.34107661003202 -0.448901790724246 
4.25999999999995 -1.33652061311124 -0.462289888222261 
4.26999999999995 -1.33183096524668 -0.475631757105527 
4.27999999999995 -1.32700813539932 -0.488926063198311 
4.28999999999995 -1.32205260584824 -0.502171477081122 
4.29999999999995 -1.31696487214238 -0.515366674223649 
4.30999999999995 -1.31174544305099 -0.528510335117216 
4.31999999999995 -1.30639484051272 -0.54160114540673 
4.32999999999995 -1.30091359958348 -0.554637796022113 
4.33999999999995 -1.29530226838292 -0.567618983309214 
4.34999999999995 -1.28956140803957 -0.580543409160166 
4.35999999999995 -1.2836915926348 -0.593409781143202 
4.36999999999995 -1.27769340914537 -0.606216812631895 
4.37999999999995 -1.27156745738472 -0.618963222933815 
4.38999999999995 -1.26531434994305 -0.631647737418606 
4.39999999999995 -1.25893471212599 -0.644269087645441 
4.40999999999995 -1.25242918189211 -0.656826011489866 
4.41999999999995 -1.24579840978912 -0.669317253270016 
4.42999999999995 -1.23904305888881 -0.681741563872176 
4.43999999999995 -1.23216380472074 -0.694097700875694 
4.44999999999995 -1.22516133520469 -0.706384428677223 
4.45999999999995 -1.2180363505819 -0.71860051861428 
4.46999999999995 -1.21078956334498 -0.73074474908811 
4.47999999999995 -1.20342169816672 -0.742815905685845 
4.48999999999995 -1.19593349182761 -0.754812781301945 
4.49999999999995 -1.18832569314213 -0.766734176258907 
4.50999999999995 -1.18059906288391 -0.778578898427233 
4.51999999999995 -1.17275437370964 -0.790345763344641 
4.52999999999995 -1.16479241008181 -0.802033594334508 
4.53999999999995 -1.15671396819022 -0.813641222623541 
4.54999999999995 -1.14851985587245 -0.82516748745865 
4.55999999999995 -1.14021089253298 -0.836611236223026 
4.56999999999995 -1.13178790906133 -0.847971324551396 
4.57999999999995 -1.12325174774892 -0.859246616444463 
4.58999999999995 -1.11460326220486 -0.870435984382506 
4.59999999999995 -1.10584331727059 -0.881538309438125 
4.60999999999995 -1.09697278893339 -0.892552481388139 
4.61999999999995 -1.08799256423881 -0.903477398824605 
4.62999999999995 -1.07890354120192 -0.914311969264958 
4.63999999999995 -1.06970662871754 -0.925055109261257 
4.64999999999995 -1.06040274646934 -0.935705744508532 
4.65999999999995 -1.05099282483789 -0.946262809952208 
4.66999999999994 -1.04147780480759 -0.956725249894619 
4.67999999999994 -1.03185863787262 -0.967092018100566 
4.68999999999994 -1.02213628594172 -0.977362077901947 
4.69999999999994 -1.01231172124208 -0.987534402301422 
4.70999999999994 -1.00238592622207 -0.997607974075107 
4.71999999999994 -0.992359893453006 -1.0075817858743 
4.72999999999994 -0.982234625529888 -1.01745484032622 
4.73999999999994 -0.972011134971156 -1.02722615013374 
4.74999999999994 -0.961690444117429 -1.03689473817408 
4.75999999999994 -0.951273585029272 -1.04645963759661 
4.76999999999994 -0.940761599383994 -1.05591989191942 
4.77999999999994 -0.930155538371479 -1.06527455512507 
4.78999999999994 -0.919456462589069 -1.0745226917551 
4.79999999999994 -0.908665441935504 -1.08366337700366 
4.80999999999994 -0.897783555503933 -1.09269569680993 
4.81999999999994 -0.886811891474008 -1.10161874794953 
4.82999999999994 -0.875751547003064 -1.1104316381249 
4.83999999999994 -0.864603628116404 -1.11913348605443 
4.84999999999994 -0.853369249596702 -1.12772342156069 
4.85999999999994 -0.842049534872519 -1.13620058565737 
4.86999999999994 -0.830645615905966 -1.14456413063522 
4.87999999999994 -0.819158633079506 -1.15281322014681 
4.88999999999994 -0.807589735081921 -1.16094702929016 
4.89999999999994 -0.795940078793437 -1.16896474469123 
4.90999999999994 -0.784210829170042 -1.17686556458525 
4.91999999999994 -0.772403159126992 -1.18464869889691 
4.92999999999994 -0.760518249421517 -1.19231336931938 
4.93999999999994 -0.748557288534747 -1.19985880939208 
4.94999999999994 -0.736521472552867 -1.20728426457741 
4.95999999999994 -0.72441200504751 -1.21458899233614 
4.96999999999994 -0.712230096955395 -1.22177226220166 
4.97999999999994 -0.699976966457241 -1.22883335585309 
4.98999999999994 -0.687653838855946 -1.23577156718704 
4.99999999999994 -0.675261946454061 -1.24258620238827 
