0 1 -1 
0.4 1.30933333333333 -0.530666666666667 
0.8 1.41119288888889 0.0215537777777779 
1.2 0.863023881481481 1.21982388148148 
1.6 -0.606588412839506 1.78153573135802 
2 -2.1975130621893 0.669504174353909 
2.4 -2.24344846209931 -1.76210424980192 
2.8 0.178407027109867 -3.54222767517381 
3.2 3.7243685808312 -2.3540759921029 
3.6 5.06010168330161 2.0967773049934 
4 1.49597701088168 6.64132451211722 
4.4 -5.67369791603052 6.2776129924462 
4.8 -10.4410386688259 -1.26479893214081 
5.2 -6.19605776382139 -11.5107680888591 
5.6 7.25180207500598 -14.5402507785727 
6 19.9637187011455 -3.05225936236673 
6.4 17.4034801449866 18.0895973756071 
6.8 -5.90389413775544 30.6367620169302 
7.2 -35.3466479778705 15.9539480172662 
7.6 -41.5286845601406 -24.4698222788629 
8 -4.90092424777402 -59.7111257146909 
8.4 57.1351292359189 -47.7589377530464 
8.8 89.4426936853772 23.8122913291827 
9.2 39.8977140325514 107.904602337148 
9.6 -81.0093961854769 117.833138094366 
10 -177.719800594288 2.14552832721816 
10.4 -129.510075340809 -178.96655872254 
10.8 88.9799472991789 -259.763041909283 
11.2 327.583686179013 -95.7386629400212 
11.6 331.942343316665 264.121359028416 
12 -30.4320066840638 526.37726882099 
12.4 -556.426548185875 346.224895058049 
12.8 -750.311506946102 -317.083108750914 
13.2 -215.525632318611 -989.24566330372 
13.6 850.324421887849 -927.666840904493 
14 1551.4307526602 198.999051513023 
14.4 909.43751610693 1718.31066648429 
14.8 -1093.64299263516 2154.80212787524 
15.2 -2972.11950715317 433.076653315503 
15.6 -2569.29575927182 -2708.39099262134 
16 909.993906780374 -4550.02493518546 
16.4 5273.28417750867 -2335.70830170321 
16.8 6150.44783198629 3682.42436771546 
17.2 666.503239863213 8885.14131061575 
17.6 -8546.79657908344 7042.8827481121 
18 -13276.7337752321 -3634.66593356103 
18.4 -5820.78117734689 -16088.8424084628 
18.8 12170.4565860844 -17439.1390218442 
19.2 26432.0908348779 -133.517343592797 
19.6 19073.4137561629 26750.4860400534 
20 -13503.9978887988 38538.1226660537 
20.4 -48817.0307969139 13895.8788393474 
20.8 -49089.503407027 -39625.7625201731 
21.2 5075.33130199327 -78249.1634022034 
21.6 83111.253261278 -50908.3562533584 
22 111252.565793285 47938.8646414344 
22.4 31019.3230458361 147342.09451771 
22.8 -127425.775630614 137071.45500186 
23.2 -230515.435790938 -31214.2792841507 
23.6 -133454.187495789 -256490.540305244 
24 164892.496554962 -319312.559266825 
24.4 442455.119358793 -61302.4036259158 
24.8 379268.599393384 405464.796107258 
25.2 -140081.72518771 675713.24436487 
25.6 -786662.61231745 341852.296526102 
26 -910827.686321785 -554058.637227331 
26.4 -89842.9587428099 -1322062.21416047 
26.8 1278402.4027656 -1038468.49325437 
27.2 1970673.21120315 554396.756880287 
27.6 848847.256329475 2398752.37951162 
28 -1828154.88014351 2580778.92348567 
28.4 -3931025.05632439 -7741.6275505065 
28.8 -2808599.32973754 -3998150.86667295 
29.2 2048503.88472747 -5717151.66419719 
29.6 7274402.29375128 -2015575.16160564 
30 7259041.29083802 5944255.67339669 
30.4 -836485.301312207 11631635.4718626 
30.8 -12413160.802562 7484131.18811078 
31.2 -16495029.0042741 -7245455.06661402 
31.6 -4459241.90872229 -21944574.6915728 
32 19093420.6900027 -20251728.9213806 
32.3999999999999 34248837.0470007 4882757.59869127 
32.7999999999999 19579024.8685489 38283692.310866 
33.1999999999999 -24855615.5465149 47314852.503888 
33.5999999999999 -65864342.8882217 8654704.2855466 
33.9999999999999 -55980117.070908 -60695264.545686 
34.3999999999999 21537966.0300837 -100343387.835026 
34.7999999999999 117346568.660051 -50017688.7400045 
35.1999999999999 134876528.632858 83348609.9871003 
35.5999999999999 11980752.0290681 196706151.294456 
35.9999999999999 -191203684.457531 153102521.066954 
36.3999999999999 -292492596.918889 -84505482.7096794 
36.7999999999999 -123732969.792607 -357620126.367461 
37.1999999999999 274571231.369598 -381895392.252138 
37.5999999999999 584599849.83248 5255705.40891975 
37.9999999999999 413510323.989754 597523111.753718 
38.3999999999999 -310615443.037152 848095418.552416 
38.7999999999999 -1083927461.74979 292153870.190103 
39.1999999999999 -1073332138.61077 -891587555.087074 
39.5999999999999 136543726.049689 -1728941689.03131 
39.9999999999999 1853854917.94114 -1100052491.3151 
40.3999999999999 2445516484.28775 1094740587.40863 
40.7999999999999 640250032.047473 3268174272.55874 
41.1999999999999 -2860649882.21084 2991828901.95802 
41.5999999999999 -5088265976.75601 -761905521.866849 
41.9999999999999 -2871750134.13773 -5713855806.33094 
42.3999999999999 3745839524.61739 -7010543147.18122 
42.7999999999999 9804145012.87045 -1218327335.24253 
43.1999999999999 8261789867.73748 9084830885.39964 
43.5999999999999 -3307817897.16358 14900220504.9309 
43.9999999999999 -17503584044.9255 7315929089.01855 
44.3999999999999 -19971328490.0629 -12536131133.8208 
44.7999999999999 -1576352779.70057 -29265941739.5238 
45.1999999999999 28594980407.8136 -22569220751.0867 
45.5999999999999 43410216384.4766 12872744633.6796 
45.9999999999999 18027730484.5382 53313171305.7706 
46.3999999999999 -41231986186.9712 56507430747.4396 
46.7999999999999 -86934103287.6825 -1391992586.70269 
47.1999999999999 -60871894590.7361 -89293239621.5987 
47.5999999999999 47079113174.7583 -125801390970.348 
47.9999999999999 161502839485.804 -42316341835.9648 
48.3999999999999 158691192101.717 133714370350.405 
48.7999999999999 -22111487363.5625 256979434779.177 
49.1999999999999 -276847216567.547 161660239974.236 
49.5999999999999 -362545408603.608 -165359262884.71 
49.9999999999999 -91803372783.2326 -486699631670.539 
