0 1 -1 
0.1 1.1 -0.9 
0.2 1.19 -0.79 
0.3 1.269 -0.671 
0.4 1.3361 -0.5441 
0.5 1.39051 -0.41049 
0.6 1.431559 -0.271439 
0.7 1.4587029 -0.1282831 
0.8 1.47153121 0.01758719 
0.9 1.469772491 0.164740311 
1 1.4532984599 0.3117175601 
1.1 1.42212670389 0.45704740609 
1.2 1.376421963281 0.599260076479 
1.3 1.3164959556331 0.7369022728071 
1.4 1.24280572835239 0.86855186837041 
1.5 1.15595054151535 0.992832441205649 
1.6 1.05666729739478 1.10842749535718 
1.7 0.945824547859066 1.21409422509666 
1.8 0.824415125349399 1.30867667988257 
1.9 0.693547457361142 1.39111819241751 
2 0.554435638119392 1.46047293815362 
2.1 0.408388344304029 1.51591650196556 
2.2 0.256796694107473 1.55675533639597 
2.3 0.101121160467876 1.58243500580671 
2.4 -0.057122340112795 1.5925471218535 
2.5 -0.216377052298145 1.58683488784222 
2.6 -0.375060541082367 1.56519718261241 
2.7 -0.531580259343608 1.52769112850417 
2.8 -0.684349372194025 1.47453310256981 
2.9 -0.831802682451006 1.40609816535041 
3 -0.972412498986046 1.32291789710531 
3.1 -1.10470428869658 1.2256766472067 
3.2 -1.22727195341725 1.11520621833704 
3.3 -1.33879257525095 0.992479022995319 
3.4 -1.43804047755048 0.858599765470224 
3.5 -1.52390045409751 0.714795717715176 
3.6 -1.59538002586902 0.562405672305425 
3.7 -1.65162059309957 0.402867669718523 
3.8 -1.69190736007142 0.237705610408566 
3.9 -1.71567792111227 0.0685148744014242 
4 -1.72252940855242 -0.103052917709803 
4.1 -1.71222411678144 -0.275305858565045 
4.2 -1.68469353092493 -0.446528270243189 
4.3 -1.64004070390061 -0.614997623335682 
4.4 -1.57854094156705 -0.779001693725743 
4.5 -1.50064077219447 -0.936855787882448 
4.6 -1.40695519340623 -1.08691986510189 
4.7 -1.29826320689604 -1.22761538444252 
4.8 -1.17550166845178 -1.35744170513212 
4.9 -1.03975749793857 -1.4749918719773 
5 -0.892258310740843 -1.57896762177116 
5.1 -0.734361548563727 -1.66819345284524 
5.2 -0.567542203279203 -1.74162960770161 
5.3 -0.393379242509042 -1.79838382802953 
5.4 -0.213540859706088 -1.83772175228044 
5.5 -0.0297686844780445 -1.85907583825105 
5.6 0.15613889934706 -1.86205270669885 
5.7 0.342344170016945 -1.84643881676415 
5.8 0.52698805169336 -1.81220439976245 
5.9 0.708208491669605 -1.75950559459311 
5.99999999999999 0.884159051128916 -1.68868474542615 
6.09999999999999 1.05302752567153 -1.60026884031326 
6.19999999999999 1.21305440970286 -1.49496608774611 
6.29999999999999 1.36255101847747 -1.37366064677582 
6.39999999999999 1.49991708315505 -1.23740554492808 
6.49999999999999 1.62365763764786 -1.08741383661257 
6.59999999999999 1.73239902130912 -0.925048072847786 
6.69999999999999 1.82490382859389 -0.751808170716874 
6.79999999999999 1.90008464566558 -0.569317787857485 
6.89999999999999 1.95701642445133 -0.379309323290926 
6.99999999999999 1.99494735678042 -0.183607680845793 
7.09999999999999 2.013308124865 0.0158870548322491 
7.19999999999999 2.01171941938178 0.217217867318749 
7.29999999999999 1.9899976326499 0.418389809256927 
7.39999999999999 1.94815865172421 0.617389572521917 
7.49999999999999 1.88641969447202 0.812205437694338 
7.59999999999999 1.80519915070258 1.00084740714154 
7.69999999999999 1.70511440998843 1.1813673222118 
7.79999999999999 1.58697767776725 1.35187876321064 
7.89999999999999 1.45178980144619 1.51057653098737 
7.99999999999999 1.30073214834745 1.65575551113199 
8.09999999999999 1.13515659723425 1.78582872596673 
8.19999999999999 0.956573724637578 1.89934438569016 
8.29999999999999 0.766639286068563 1.99500175815391 
8.39999999999999 0.567139110253171 2.07166568676077 
8.49999999999999 0.359972541577094 2.12837959778609 
8.59999999999999 0.147134581798486 2.1643768519438 
8.69999999999999 -0.0693031033958941 2.17909031012364 
8.79999999999998 -0.287212134408259 2.17215999978406 
8.89999999999998 -0.504428134386664 2.14343878634323 
8.99999999999998 -0.718772013020987 2.09299597290456 
9.09999999999998 -0.928071610311443 2.02111877160246 
9.19999999999998 -1.13018348747169 1.92831161057132 
9.29999999999998 -1.32301464852882 1.81529326182415 
9.39999999999998 -1.50454397471124 1.68299179697127 
9.49999999999998 -1.67284315440836 1.53253739950015 
9.59999999999998 -1.82609689435838 1.36525308405931 
9.69999999999998 -1.96262220276431 1.18264339462347 
9.79999999999998 -2.08088654222666 0.98638117434704 
9.89999999999998 -2.17952465966136 0.778292520124375 
9.99999999999998 -2.2573539116738 0.560340054158239 
10.1 -2.31338791708962 0.334604662990859 
10.2 -2.34684838338871 0.103265871281897 
10.3 -2.3571749705169 -0.131418967056974 
10.4 -2.3440330738112 -0.367136464108664 
10.5 -2.30731942740033 -0.601539771489784 
10.6 -2.24716545025136 -0.832271714229817 
10.7 -2.16393827882837 -1.05698825925495 
10.8 -2.05823945290288 -1.27338208713779 
10.9 -1.9309012441891 -1.47920603242808 
11 -1.78298064094629 -1.67229615684699 
11.1 -1.61575102526159 -1.85059422094162 
11.2 -1.43069160316743 -2.01216932346778 
11.3 -1.22947467082065 -2.15523848378452 
11.4 -1.0139508224422 -2.27818595086659 
11.5 -0.786132227355543 -2.37958103311081 
11.6 -0.548174124044462 -2.45819425584636 
11.7 -0.302354698459826 -2.51301166825081 
11.8 -0.0510535316347456 -2.54324713809679 
11.9 0.203271182174933 -2.54835249126026 
12 0.45810643130096 -2.52802537304277 
12.1 0.710908968605237 -2.48221472991267 
12.2 0.959130441596504 -2.41112383305215 
12.3 1.20024282490172 -2.3152107888925 
12.4 1.43176390379097 -2.19518650640233 
12.5 1.6512825544312 -2.05201011602323 
12.6 1.85648356603352 -1.88688186058011 
12.7 2.04517175209154 -1.70123350397676 
12.8 2.21529510248921 -1.4967163287676 
12.9 2.36496673536597 -1.27518681851868 
13 2.49248541721784 -1.03869014498209 
13.1 2.59635443171605 -0.789441603260302 
13.2 2.67529859204208 -0.529806160088697 
13.3 2.72827920805095 -0.262276300884489 
13.4 2.7545068381394 0.0105516199206055 
13.5 2.75345167614734 0.286002303734545 
13.6 2.72485144577388 0.561347471349279 
13.7 2.66871669863895 0.833832615926667 
13.8 2.58533343704629 1.10070428579056 
13.9 2.47526300846723 1.35923762949519 
14 2.33933924551771 1.60676393034191 
14.1 2.17866285248352 1.84069785489369 
14.2 1.99459306699415 2.05856414014204 
14.3 1.78873665297995 2.25802344684145 
14.4 1.5629343082958 2.43689711213945 
14.5 1.31924459708186 2.59319054296903 
14.6 1.05992554278496 2.72511500267721 
14.7 0.787414042517234 2.83110755695571 
14.8 0.504303286821663 2.90984896120743 
14.9 0.21331839070092 2.9602792898896 
15 -0.0827095382880401 2.98161112895969 
15.1 -0.380870651184009 2.97334017513089 
15.2 -0.678204668697098 2.93525311001249 
15.3 -0.971729979698347 2.86743264314278 
15.4 -1.25847324401262 2.77025964517294 
15.5 -1.53549920852992 2.64441232077168 
15.6 -1.79994044060709 2.49086239991869 
15.7 -2.04902668059896 2.31086835585798 
15.8 -2.28011351618475 2.10596568779808 
15.9 -2.49071008496456 1.87795433617961 
16 -2.67850551858252 1.62888332768315 
16.1 -2.84139385135084 1.3610327758249 
16.2 -2.97749712893333 1.07689339068982 
16.3 -3.08518646800231 0.779143677796483 
16.4 -3.16310083578196 0.470625030996252 
16.5 -3.21016333888158 0.154314947418056 
16.6 -3.22559483362339 -0.166701386470102 
16.7 -3.20892469497638 -0.489260869832441 
16.8 -3.15999860799313 -0.810153339330079 
16.9 -3.07898327406013 -1.12615320012939 
17 -2.96636795404719 -1.43405152753541 
17.1 -2.82296280129365 -1.73068832294012 
17.2 -2.64989396899963 -2.01298460306949 
17.3 -2.44859550869269 -2.27797399996945 
17.4 -2.22079810869574 -2.52283355083872 
17.5 -1.96851475361187 -2.74491336170829 
17.6 -1.69402341744104 -2.94176483706948 
17.7 -1.39984693373409 -3.11116717881359 
17.8 -1.08873021585273 -3.25115187218699 
17.9 -0.763615028634033 -3.36002489377227 
18 -0.427612539256806 -3.43638639663567 
18.1 -0.0839738995932389 -3.47914765056135 
18.2 0.263940865462896 -3.48754504052068 
18.3 0.612695369514964 -3.46115095397439 
18.4 0.958810464912403 -3.39988141702289 
18.5 1.29879860661469 -3.30400037053165 
18.6 1.62919864366786 -3.17412050987018 
18.7 1.94661069465487 -3.01120064550339 
18.8 2.24773075920521 -2.81653957603791 
18.9 2.529384716809 -2.59176650011739 
19 2.78856136682074 -2.33882802843649 
19.1 3.02244416966439 -2.05997189175441 
19.2 3.22844135883983 -1.75772747478797 
19.3 3.40421410631863 -1.43488333890399 
19.4 3.54770244020903 -1.09446192827213 
19.5 3.65714863303624 -0.739691684251223 
19.6 3.73111780146136 -0.373976820947599 
19.7 3.76851548355612 -0.000865040801462102 
19.8 3.76860198763627 0.37598650755415 
19.9 3.73100333688086 0.752846706317777 
20 3.65571866624908 1.12594704000586 
20.1 3.54312396224849 1.49151890663077 
20.2 3.39397207158541 1.84583130285562 
20.3 3.20938894129985 2.18522851001416 
20.4 2.99086609029844 2.50616740414415 
20.5 2.74024934988402 2.80525401317399 
20.6 2.45972394856662 3.07927894816239 
20.7 2.15179605375038 3.32525134301905 
20.8 1.81927091944848 3.54043094839409 
20.9 1.46522782460907 3.72235804033894 
21 1.09299202057518 3.86888082279985 
21.1 0.70610393829519 3.97818002485736 
21.2 0.308285935809454 4.04879041868688 
21.3 -0.0965931060592344 4.07961901226783 
21.4 -0.504555007286017 4.06995970166191 
21.5 -0.911550977452208 4.0195042009333 
21.6 -1.31350139754554 3.92834910318808 
21.7 -1.70633630786435 3.79699896343353 
21.8 -2.0860362042077 3.62636533264709 
21.9 -2.44867273747241 3.41776171222632 
22 -2.79044890869504 3.17289443847908 
22.1 -3.10773835254295 2.89384954760958 
22.2 -3.39712330730391 2.58307571235528 
22.3 -3.65543087853944 2.24336338162489 
22.4 -3.87976721670193 1.87782029377095 
22.5 -4.06754924607902 1.48984357210076 
22.6000000000001 -4.2165336032891 1.08308864749285 
22.7000000000001 -4.32484246803838 0.661435287163945 
22.8000000000001 -4.39098599675478 0.228951040360107 
22.9000000000001 -4.41388110079079 -0.21014755931537 
23.0000000000001 -4.39286634485925 -0.651535669394449 
23.1000000000001 -4.3277127779198 -1.09082230388037 
23.2000000000001 -4.21863054753177 -1.52359358167235 
23.3000000000001 -4.06627118936453 -1.94545663642553 
23.4000000000001 -3.87172552572198 -2.35208375536198 
23.5000000000001 -3.63651715018578 -2.73925630793418 
23.6000000000001 -3.36259151939236 -3.10290802295276 
23.7000000000001 -3.05230071709709 -3.439167174892 
23.8000000000001 -2.70838399960789 -3.74439724660171 
23.9000000000001 -2.33394427494772 -4.01523564656249 
24.0000000000001 -1.93242071029147 -4.24863007405727 
24.1000000000001 -1.50755770288574 -4.44187214508641 
24.2000000000001 -1.0633704883771 -4.59262791537499 
24.3000000000001 -0.604107696839599 -4.6989649642127 
24.4000000000001 -0.134211200418329 -4.75937573389666 
24.5000000000001 0.341726372971337 -4.77279685393849 
24.6000000000001 0.819006058365185 -4.73862421664136 
24.7000000000001 1.29286848002932 -4.65672361080484 
24.8000000000001 1.7585408411098 -4.5274367628019 
24.9000000000001 2.21128451738999 -4.35158267869092 
25.0000000000001 2.64644278525909 -4.13045422695192 
25.1000000000001 3.05948820795428 -3.86580994842602 
25.2000000000001 3.44606920279688 -3.55986112763059 
25.3000000000001 3.80205531555994 -3.2152542073509 
25.4000000000001 4.12358073629503 -2.83504867579491 
25.5000000000001 4.40708560387452 -2.4226906021654 
25.6000000000001 4.64935466409106 -1.98198204177795 
25.7000000000001 4.84755286826886 -1.51704657536884 
25.8000000000001 4.99925752580574 -1.03229128854196 
25.9000000000001 5.10248665465994 -0.532365535961384 
26.0000000000001 5.15572320825607 -0.0221168704953908 
26.1000000000001 5.15793489530561 0.493455450330217 
26.2000000000001 5.10858935027259 1.00924893986078 
26.3000000000001 5.00766445628651 1.52010787488804 
26.4000000000001 4.85565366879771 2.02087432051669 
26.5000000000001 4.65356623674604 2.50643968739646 
26.6000000000001 4.4029222680064 2.97179631107106 
26.7000000000001 4.10574263689929 3.4120885378717 
26.8000000000001 3.76453378311212 3.82266280156163 
26.9000000000001 3.38226750295595 4.19911617987284 
27.0000000000001 2.96235588496867 4.53734293016844 
27.1000000000001 2.50862159195183 4.83357851866531 
27.2000000000001 2.0252637400853 5.08444067786049 
27.3000000000001 1.51681967229925 5.28696705186902 
27.4000000000001 0.988122967112344 5.43864901909894 
27.5000000000001 0.44425806520245 5.53746131581018 
27.6000000000001 -0.109488066378568 5.58188712233042 
27.7000000000001 -0.66767677861161 5.57093831569257 
27.8000000000001 -1.22477061018087 5.50417063783141 
27.9000000000001 -1.77518767396401 5.38169357681332 
28.0000000000001 -2.31335703164534 5.20417480941692 
28.1000000000001 -2.83377451258703 4.97283910625238 
28.2000000000001 -3.33105842321227 4.68946165499368 
28.3000000000001 -3.80000458871164 4.35635581267245 
28.4000000000001 -4.23564016997888 3.97635535380129 
28.5000000000001 -4.63327570535901 3.5527913368034 
28.6000000000001 -4.98855483903935 3.0894637662675 
28.7000000000001 -5.2975012156661 2.59060828236357 
28.8000000000001 -5.55656204390246 2.06085816079695 
28.9000000000001 -5.76264785998216 1.50520195640671 
29.0000000000001 -5.91316805562283 0.928937170408493 
29.1000000000001 -6.00606177266368 0.337620364846211 
29.2000000000001 -6.0398238091483 -0.262985812420157 
29.3000000000001 -6.01352522790628 -0.866968193334986 
29.4000000000001 -5.92682840857278 -1.46832071612561 
29.5000000000001 -5.77999633696022 -2.06100355698289 
29.6000000000002 -5.57389598126193 -2.63900319067891 
29.7000000000002 -5.30999566219404 -3.19639278880511 
29.8000000000002 -4.99035638331353 -3.72739235502451 
29.9000000000002 -4.61761714781108 -4.22642799335586 
30.0000000000002 -4.19497434847549 -4.68818970813697 
30.1000000000002 -3.72615537766179 -5.10768714298452 
30.2000000000002 -3.21538666336334 -5.4803026807507 
30.3000000000002 -2.66735639528827 -5.80184134708703 
30.4000000000002 -2.08717226057957 -6.06857698661586 
30.5000000000002 -1.48031456191798 -6.27729421267382 
30.6000000000002 -0.852585140650599 -6.42532566886562 
30.7000000000002 -0.210052573764038 -6.51058418293067 
30.8000000000002 0.44100584452903 -6.53158944030708 
30.9000000000002 1.09416478855974 -6.48748885585418 
31.0000000000002 1.74291367414516 -6.3780723769982 
31.1000000000002 2.38072091184498 -6.20378100958369 
31.2000000000002 3.00109901280334 -5.96570891839919 
31.3000000000002 3.59766990464326 -5.66559901711885 
31.4000000000002 4.16422980635515 -5.30583202665453 
31.5000000000002 4.6948130090206 -4.88940904601901 
31.6000000000002 5.1837539136225 -4.41992774511695 
31.7000000000002 5.6257466881342 -3.9015523537547 
31.8000000000002 6.01590192350967 -3.33897768494128 
31.9000000000002 6.34979969200379 -2.73738749259032 
32.0000000000002 6.62353844126283 -2.10240752338994 
32.1000000000002 6.83377919360182 -1.44005367926365 
32.2000000000002 6.97778456152819 -0.756675759903472 
32.3000000000002 7.05345213751853 -0.0588973037506529 
32.4000000000002 7.0593418678936 0.6464479100012 
32.5000000000002 6.99469707689348 1.35238209679056 
32.6000000000002 6.85945886721442 2.05185180447991 
32.7000000000002 6.65427368676643 2.73779769120135 
32.8000000000002 6.3804939176463 3.40322505987799 
32.9000000000002 6.0401714116585 4.04127445164262 
33.0000000000002 5.63604396649423 4.64529159280847 
33.1000000000002 5.17151480721339 5.2088959894579 
33.2000000000002 4.6506252082676 5.72604747017923 
33.3000000000002 4.07802046124967 6.19110999100599 
33.4000000000002 3.45890946214907 6.59891203713096 
33.5000000000002 2.79901825843598 6.94480298334587 
33.6000000000002 2.10453796010139 7.22470480918947 
33.7000000000002 1.38206747918244 7.43515860519961 
33.8000000000002 0.638551618662484 7.57336535311785 
33.9000000000002 -0.118784916649301 7.6372205149841 
34.0000000000002 -0.882506968147711 7.62534202331917 
34.1000000000002 -1.64504117047963 7.5370913265044 
34.2000000000002 -2.39875030313007 7.37258720945644 
34.3000000000002 -3.13600902407571 7.13271217914343 
34.4000000000002 -3.84928024199005 6.81911127673586 
34.5000000000002 -4.53119136966364 6.43418325253685 
34.6000000000002 -5.17460969491733 5.98106411557049 
34.7000000000002 -5.77271610647438 5.46360314607876 
34.8000000000002 -6.31907642108225 4.88633153543132 
34.9000000000002 -6.80770957462538 4.25442389332309 
35.0000000000002 -7.23315196395769 3.57365293586056 
35.1000000000002 -7.59051725754375 2.85033773946479 
35.2000000000002 -7.87555103149023 2.09128601371041 
35.3000000000002 -8.08467963286127 1.30373091056139 
35.4000000000002 -8.21505272391741 0.495262947275262 
35.5000000000002 -8.26457901864493 -0.326242325116479 
35.6000000000002 -8.23195478613328 -1.15270022698097 
35.7000000000002 -8.11668476343519 -1.9758957055943 
35.8000000000002 -7.91909519287576 -2.78756418193782 
35.9000000000002 -7.64033877468198 -3.5794737012254 
36.0000000000002 -7.28239140455944 -4.34350757869359 
36.1000000000002 -6.84804064669008 -5.07174671914954 
36.2000000000002 -6.34086597477512 -5.75655078381855 
36.3000000000002 -5.76521089639327 -6.39063738129606 
36.4000000000002 -5.12614715826366 -6.96715847093538 
36.5000000000002 -4.42943131117012 -7.47977318676175 
36.6000000000003 -3.68145399249395 -7.92271631787876 
36.7000000000003 -2.88918236070607 -8.29086171712816 
36.8000000000003 -2.06009618899326 -8.57977995319876 
36.9000000000003 -1.20211819367338 -8.78578957209809 
37.0000000000003 -0.323539236463572 -8.90600139146543 
37.1000000000003 0.567060902682971 -8.93835531511179 
37.2000000000003 1.46089643419415 -8.88164922484349 
37.3000000000003 2.3490613566785 -8.73555958142407 
37.4000000000003 3.22261731482091 -8.50065344575622 
37.5000000000003 4.07268265939653 -8.17839171427413 
37.6000000000003 4.89052183082394 -7.77112344833448 
37.7000000000003 5.66763417565739 -7.28207126525209 
37.8000000000003 6.3958413021826 -6.71530784768635 
37.9000000000003 7.06737208695123 -6.07572371746809 
38.0000000000003 7.67494445869804 -5.36898650877296 
38.1000000000003 8.21184310957534 -4.60149206290316 
38.2000000000003 8.67199231586565 -3.78030775194563 
38.3000000000003 9.05002309106022 -2.91310852035906 
38.4000000000003 9.34133394309612 -2.00810621125304 
38.5000000000003 9.54214456422143 -1.07397281694343 
38.6000000000003 9.64954184591577 -0.119758360521285 
38.7000000000003 9.6615176819679 0.845195824070292 
38.8000000000003 9.57699809956087 1.81134759226708 
38.9000000000003 9.39586334033416 2.76904740222317 
39.0000000000003 9.11895860011184 3.70863373625659 
39.1000000000003 8.74809522648619 4.62052959626777 
39.2000000000003 8.28604226685941 5.49533911891639 
39.3000000000003 7.73650835496777 6.32394334560233 
39.4000000000003 7.10411402040754 7.09759418109911 
39.5000000000003 6.39435460229763 7.80800558313986 
39.6000000000003 5.61355404398364 8.44744104336962 
39.7000000000003 4.76880993964668 9.00879644776799 
39.8000000000003 3.86793029486988 9.48567744173266 
39.9000000000003 2.91936255069661 9.87247047121964 
40.0000000000003 1.93211550357465 10.1644067262893 
40.1000000000003 0.915674830945718 10.3576182766468 
40.2000000000003 -0.120086996718959 10.4491857597413 
40.3000000000003 -1.16500557269309 10.4371770600694 
40.4000000000003 -2.20872327870004 10.3206765028001 
40.5000000000003 -3.24079092898005 10.0998041749301 
40.6000000000003 -4.25077134647306 9.77572508203213 
40.7000000000003 -5.22834385467628 9.35064794738482 
40.8000000000003 -6.16340864941476 8.82781356191719 
40.9000000000003 -7.04619000560648 8.21147269697572 
41.0000000000003 -7.86733727530405 7.50685369641507 
41.1000000000003 -8.61802264494556 6.72011996888467 
41.2000000000003 -9.29003464183402 5.85831770439011 
41.3000000000003 -9.87586641227304 4.92931424020671 
41.4000000000003 -10.3687978362937 3.9417275989794 
41.5000000000003 -10.7629705961916 2.90484781535003 
41.6000000000003 -11.0534553777266 1.82855075573087 
41.7000000000003 -11.2363104532997 0.723205217958202 
41.8000000000003 -11.3086309750956 -0.400425827371772 
41.9000000000003 -11.2685883923584 -1.53128892488133 
42.0000000000003 -11.1154594998702 -2.65814776411717 
42.1000000000003 -10.8496447234585 -3.76969371410419 
42.2000000000003 -10.4726753520481 -4.85465818645004 
42.3000000000003 -9.98720953340311 -5.90192572165486 
42.4000000000003 -9.39701696123762 -6.90064667499517 
42.5000000000003 -8.70695229373811 -7.84034837111893 
42.6000000000003 -7.92291745662621 -8.71104360049274 
42.7000000000003 -7.05181309657694 -9.50333534615536 
42.8000000000003 -6.1014795619614 -10.2085166558131 
42.9000000000003 -5.0806278963801 -10.8186646120092 
43.0000000000003 -3.99876143517918 -11.3267274016472 
43.1000000000003 -2.86608869501446 -11.7266035451651 
43.2000000000003 -1.69342834049794 -12.0132124146666 
43.3000000000003 -0.492107099031287 -12.1825552487164 
43.4000000000003 0.726148425840349 -12.2317659586195 
43.5000000000003 1.9493250217023 -12.1591511160355 
43.6000000000003 3.16524013330584 -11.9642186138652 
43.7000000000004 4.36166199469237 -11.6476946005346 
43.8000000000004 5.52643145474583 -11.2115284010654 
43.9000000000004 6.64758429485237 -10.6588852555908 
44.0000000000004 7.71347282041146 -9.99412682610559 
44.1000000000004 8.71288550302202 -9.22277954406444 
44.2000000000004 9.63516345742846 -8.35149099376224 
44.3000000000004 10.4703125568047 -7.38797464801939 
44.4000000000004 11.2091100216066 -6.34094339233892 
44.5000000000004 11.8432043608405 -5.22003239017826 
44.6000000000004 12.3652075998583 -4.03571195409421 
44.7000000000004 12.7687787952678 -2.79919119410838 
44.8000000000004 13.0486979146786 -1.5223133145816 
44.9000000000004 13.2009292461368 -0.21744352311374 
45.0000000000004 13.2226735984481 1.10264940149994 
45.1000000000004 13.1124086582981 2.42491676134475 
45.2000000000004 12.8699169821637 3.73615762717456 
45.3000000000004 12.4963012194462 5.02314932539093 
45.4000000000004 11.9939862869071 6.27277944733555 
45.5000000000004 11.3667083421736 7.47217807602626 
45.6000000000004 10.6194905345709 8.60884891024362 
45.7000000000004 9.75860564354657 9.67079796370071 
45.8000000000004 8.7915258471765 10.6466585280554 
45.9000000000004 7.72685999437096 11.525811112773 
46.0000000000004 6.57427888309366 12.2984971122101 
46.1000000000004 5.34442917187265 12.9559250005195 
46.2000000000004 4.0488366718207 13.4903679177067 
46.3000000000004 2.69979988005003 13.8952515848888 
46.4000000000004 1.31027472156115 14.1652315728938 
46.5000000000004 -0.106248435728237 14.2962590450499 
46.6000000000004 -1.53587434023323 14.2856342014771 
46.7000000000004 -2.96443776038094 14.1320467674538 
46.8000000000004 -4.37764243712632 13.8356029914157 
46.9000000000004 -5.76120273626789 13.3978387477031 
47.0000000000004 -7.1009866110382 12.8217184740763 
47.1000000000004 -8.38315845844582 12.1116198129725 
47.2000000000004 -9.59432043974307 11.2733039671279 
47.3000000000004 -10.7216508364559 10.3138719231536 
47.4000000000004 -11.7530380287712 9.24170683950798 
47.5000000000004 -12.677208712722 8.06640303663086 
47.6000000000004 -13.4838490163851 6.79868216535866 
47.7000000000004 -14.163717232921 5.45029726372015 
47.8000000000004 -14.708746959293 4.03392554042805 
47.9000000000004 -15.1121395133358 2.56305084449875 
48.0000000000004 -15.3684445977857 1.05183689316518 
48.1000000000004 -15.4736282871022 -0.48500756661339 
48.2000000000004 -15.4251275304408 -2.03237039532361 
48.3000000000004 -15.2218904909085 -3.57488314836769 
48.4000000000004 -14.8644021760717 -5.09707219745854 
48.5000000000004 -14.3546949563259 -6.58351241506571 
48.6000000000004 -13.6963437148193 -8.0189819106983 
48.7000000000004 -12.8944455237495 -9.38861628218022 
48.8000000000004 -11.9555838955314 -10.6780608345552 
48.9000000000004 -10.8877778120759 -11.8736192241083 
49.0000000000004 -9.70041588966508 -12.9623970053159 
49.1000000000004 -8.40417618913349 -13.9324385942824 
49.2000000000004 -7.01093232970525 -14.7728562131958 
49.3000000000004 -5.53364670838567 -15.4739494461663 
49.4000000000004 -3.98625176376904 -16.0273141170049 
49.5000000000004 -2.38352035206856 -16.4259392933818 
49.6000000000004 -0.740926422730383 -16.6642913285886 
49.7000000000004 0.925502710128478 -16.7383839708616 
49.8000000000004 2.59934110721464 -16.6458336998488 
49.9000000000004 4.26392447719952 -16.3858995891273 
50.0000000000004 5.90251443611226 -15.9595071414074 
