0 1 -1 
0.01 1.01 -0.99 
0.02 1.0199 -0.9799 
0.03 1.029699 -0.969701 
0.04 1.03939601 -0.95940401 
0.05 1.0489900501 -0.9490100499 
0.06 1.058480150599 -0.938520149399 
0.07 1.06786535209299 -0.92793534789301 
0.08 1.07714470557192 -0.91725669437208 
0.09 1.08631727251564 -0.906485247316361 
0.1 1.0953821249888 -0.895622074591205 
0.11 1.10433834573472 -0.884668253341317 
0.12 1.11318502826813 -0.873624869883969 
0.13 1.12192127696697 -0.862493019601288 
0.14 1.13054620716298 -0.851273806831619 
0.15 1.1390589452313 -0.839968344759989 
0.16 1.1474586286789 -0.828577755307676 
0.17 1.15574440623197 -0.817103169020887 
0.18 1.16391543792218 -0.805545724958567 
0.19 1.17197089517177 -0.793906570579345 
0.2 1.17990996087756 -0.782186861627628 
0.21 1.18773182949384 -0.770387762018852 
0.22 1.19543570711403 -0.758510443723913 
0.23 1.20302081155127 -0.746556086652773 
0.24 1.21048637241779 -0.73452587853726 
0.25 1.21783163120317 -0.722421014813083 
0.26 1.2250558413513 -0.710242698501051 
0.27 1.23215826833631 -0.697992140087538 
0.28 1.23913818973718 -0.685670557404175 
0.29 1.24599489531123 -0.673279175506803 
0.3 1.25272768706629 -0.660819226553691 
0.31 1.25933587933183 -0.648291949683028 
0.32 1.26581879882866 -0.635698590889709 
0.33 1.27217578473756 -0.623040402901423 
0.34 1.27840618876657 -0.610318645054047 
0.35 1.28450937521711 -0.597534583166382 
0.36 1.29048472104878 -0.58468948941421 
0.37 1.29633161594292 -0.571784642203723 
0.38 1.30204946236496 -0.558821326044293 
0.39 1.3076376756254 -0.545800831420644 
0.4 1.31309568393961 -0.53272445466439 
0.41 1.31842292848625 -0.519593497824994 
0.42 1.3236188634645 -0.506409268540131 
0.43 1.3286829561499 -0.493173079905486 
0.44 1.33361468694896 -0.479886250343987 
0.45 1.3384135494524 -0.466550103474498 
0.46 1.34307905048714 -0.453165967979974 
0.47 1.34761071016694 -0.439735177475103 
0.48 1.35200806194169 -0.426259070373433 
0.49 1.35627065264543 -0.412738989754016 
0.5 1.36039804254297 -0.399176283227562 
0.51 1.36438980537524 -0.385572302802132 
0.52 1.36824552840326 -0.37192840474838 
0.53 1.37196481245075 -0.358245949464347 
0.54 1.37554727194539 -0.34452630133984 
0.55 1.37899253495879 -0.330770828620386 
0.56 1.38230024324499 -0.316980903270798 
0.57 1.3854700522777 -0.303157900838348 
0.58 1.38850163128608 -0.289303200315571 
0.59 1.39139466328924 -0.27541818400271 
0.6 1.39414884512927 -0.261504237369818 
0.61 1.39676388750296 -0.247562748918525 
0.62 1.39923951499215 -0.233595110043496 
0.63 1.40157546609258 -0.219602714893574 
0.64 1.40377149324152 -0.205586960232648 
0.65 1.40582736284385 -0.191549245300233 
0.66 1.40774285529685 -0.177490971671795 
0.67 1.40951776501357 -0.163413543118826 
0.68 1.41115190044476 -0.14931836546869 
0.69 1.41264508409944 -0.135206846464243 
0.7 1.41399715256408 -0.121080395623248 
0.71 1.41520795652032 -0.106940424097608 
0.72 1.41627736076129 -0.0927883445324044 
0.73 1.41720524420662 -0.0786255709247915 
0.74 1.41799149991587 -0.0644535184827253 
0.75 1.41863603510069 -0.0502736034835667 
0.76 1.41913877113553 -0.0360872431325597 
0.77 1.41949964356685 -0.0218958554212045 
0.78 1.41971860212107 -0.00770085898553593 
0.79 1.41979561071092 0.00649632703567473 
0.8 1.41973064744056 0.0206942831427839 
0.81 1.41952370460914 0.0348915896171896 
0.820000000000001 1.41917478871296 0.049086826663281 
0.830000000000001 1.41868392044633 0.0632785745504106 
0.840000000000001 1.41805113470083 0.0774654137548739 
0.850000000000001 1.41727648056328 0.0916459251018822 
0.860000000000001 1.41636002131226 0.105818689907515 
0.870000000000001 1.41530183441318 0.119982290120638 
0.880000000000001 1.41410201151198 0.134135308464769 
0.890000000000001 1.41276065842733 0.148276328579889 
0.900000000000001 1.41127789514153 0.162403935164163 
0.910000000000001 1.40965385578989 0.176516714115578 
0.920000000000001 1.40788868864873 0.190613252673477 
0.930000000000001 1.405982556122 0.204692139559964 
0.940000000000001 1.4039356347264 0.218751965121184 
0.950000000000001 1.40174811507519 0.232791321468448 
0.960000000000001 1.3994202018605 0.2468088026192 
0.970000000000001 1.39695211383431 0.260803004637805 
0.980000000000001 1.39434408378793 0.274772525776148 
0.990000000000001 1.39159635853017 0.288715966614027 
1 1.38870919886403 0.302631930199329 
1.01 1.38568287956204 0.316519022187969 
1.02 1.38251768934016 0.33037585098359 
1.03 1.37921393083032 0.344201027876991 
1.04 1.37577192055155 0.357993167185295 
1.05 1.3721919888797 0.37175088639081 
1.06 1.36847448001579 0.385472806279607 
1.07 1.364619751953 0.399157551079765 
1.08 1.3606281764422 0.412803748599295 
1.09 1.35650013895621 0.426410030363717 
1.1 1.35223603865257 0.439975031753279 
1.11 1.34783628833504 0.453497392139805 
1.12 1.34330131441364 0.466975755023155 
1.13 1.33863155686341 0.480408768167292 
1.14 1.33382746918173 0.493795083735926 
1.15 1.32888951834437 0.507133358427743 
1.16 1.3238181847601 0.520422253611187 
1.17 1.31861396222398 0.533660435458788 
1.18 1.3132773578694 0.546846575081027 
1.19 1.30780889211859 0.559979348659721 
1.2 1.30220909863199 0.573057437580907 
1.21 1.29647852425618 0.586079528567227 
1.22 1.29061772897051 0.599044313809789 
1.23 1.28462728583241 0.611950491099494 
1.24 1.27850778092141 0.624796763957818 
1.25 1.27225981328184 0.637581841767032 
1.26 1.26588399486417 0.650304439899851 
1.27 1.25938095046517 0.662963279848492 
1.28 1.25275131766668 0.675557089353144 
1.29 1.24599574677315 0.688084602529811 
1.3 1.23911490074785 0.700544559997542 
1.31 1.23210945514788 0.712935709005021 
1.32 1.22498009805783 0.7252568035565 
1.33 1.21772753002226 0.737506604537078 
1.34 1.21035246397689 0.749683879837301 
1.35 1.20285562517852 0.761787404477069 
1.36 1.19523775113375 0.773815960728855 
1.37 1.18749959152646 0.785768338240192 
1.38 1.17964190814406 0.797643334155457 
1.39 1.1716654748025 0.809439753236897 
1.4 1.16357107727013 0.821156407984923 
1.41 1.15535951319028 0.832792118757624 
1.42 1.14703159200271 0.844345713889527 
1.43 1.13858813486381 0.855816029809554 
1.44 1.13002997456572 0.867201911158192 
1.45 1.12135795545414 0.878502210903849 
1.46 1.1125729333451 0.889715790458391 
1.47 1.10367577544051 0.900841519791842 
1.48 1.0946673602426 0.911878277546247 
1.49 1.08554857746713 0.922824951148673 
1.5 1.07632032795565 0.933680436923344 
1.51 1.06698352358641 0.944443640202901 
1.52 1.05753908718438 0.955113475438765 
1.53 1.04798795243 0.965688866310608 
1.54 1.03833106376689 0.976168745834908 
1.55 1.02856937630854 0.986552056472577 
1.56 1.01870385574382 0.996837750235663 
1.57 1.00873547824146 1.0070247887931 
1.58 0.998665230353527 1.01711214357552 
1.59 0.988494108917772 1.02709879587905 
1.6 0.978223120958982 1.03698373696823 
1.61 0.967853283589299 1.04676596817782 
1.62 0.957385623907521 1.05644450101371 
1.63 0.946821178897384 1.06601835725279 
1.64 0.936160995324856 1.07548656904176 
1.65 0.925406129634439 1.08484817899501 
1.66 0.914557647844488 1.09410224029135 
1.67 0.903616625441575 1.1032478167698 
1.68 0.892584147273877 1.11228398302421 
1.69 0.881461307443635 1.12120982449695 
1.7 0.870249209198665 1.13002443757139 
1.71 0.858948964822951 1.13872692966338 
1.72 0.847561695526318 1.14731641931161 
1.73 0.836088531333202 1.15579203626687 
1.74 0.824530610970533 1.1641529215802 
1.75 0.812889081754731 1.17239822768991 
1.76 0.801165099477832 1.18052711850745 
1.77 0.789359828292757 1.18853876950223 
1.78 0.777474440597735 1.19643236778516 
1.79 0.765510116919883 1.20420711219114 
1.8 0.753468045797972 1.21186221336034 
1.81 0.741349423664369 1.21939689381832 
1.82 0.729155454726185 1.22681038805496 
1.83 0.716887350845636 1.23410194260222 
1.84 0.704546331419614 1.24127081611068 
1.85 0.692133623258507 1.24831627942487 
1.86 0.679650460464258 1.25523761565746 
1.87 0.667098084307684 1.2620341202621 
1.88 0.654477743105063 1.26870510110518 
1.89 0.641790692094011 1.27524987853623 
1.9 0.629038193308649 1.28166778545717 
1.91 0.616221515454077 1.28795816739025 
1.92 0.603341933780174 1.2941203825448 
1.93 0.590400729954726 1.3001538018826 
1.94 0.5773991919359 1.30605780918214 
1.95 0.564338613844079 1.3118318011015 
1.96 0.551220295833064 1.31747518723994 
1.97 0.538045543960664 1.32298739019827 
1.98 0.524815670058682 1.32836784563788 
1.99 0.511531991602303 1.33361600233847 
2 0.498195831578918 1.33873132225449 
2.01 0.484808518356373 1.34371328057028 
2.02 0.47137138555067 1.34856136575384 
2.03 0.457885771893132 1.35327507960935 
2.04 0.444353021097039 1.35785393732828 
2.05 0.430774481723756 1.36229746753925 
2.06 0.417151507048363 1.36660521235649 
2.07 0.403485454924798 1.37077672742697 
2.08 0.389777687650529 1.37481158197622 
2.09 0.376029571830766 1.37870935885273 
2.1 0.362242478242239 1.38246965457103 
2.11 0.348417781696529 1.38609207935346 
2.12 0.334556860902994 1.38957625717042 
2.13 0.32066109833129 1.39292182577945 
2.14 0.306731880073495 1.39612843676277 
2.15 0.292770595705868 1.3991957555635 
2.16 0.278778638150233 1.40212346152056 
2.17 0.264757403535027 1.40491124790206 
2.18 0.250708291056007 1.40755882193741 
2.19 0.236632702836632 1.41006590484797 
2.2 0.222532043788153 1.41243223187634 
2.21 0.208407721469389 1.41465755231422 
2.22 0.194261145946247 1.41674162952891 
2.23 0.180093729650958 1.41868424098838 
2.24 0.165906887241074 1.42048517828488 
2.25 0.151702035458225 1.4221442471573 
2.26 0.137480592986652 1.42366126751188 
2.27 0.123243980311534 1.42503607344174 
2.28 0.108993619577116 1.42626851324486 
2.29 0.0947309344446676 1.42735844944063 
2.29999999999999 0.0804573499502613 1.42830575878508 
2.30999999999999 0.0661742923624105 1.42911033228458 
2.31999999999999 0.0518831890395647 1.4297720752082 
2.32999999999999 0.0375854682874827 1.4302909070986 
2.33999999999999 0.0232825592164967 1.43066676178148 
2.34999999999999 0.00897589159868192 1.43089958737364 
2.35999999999999 -0.00533310427505448 1.43098934628963 
2.36999999999999 -0.0196429977379508 1.43093601524688 
2.37999999999999 -0.0339523578904195 1.4307395852695 
2.38999999999999 -0.0482597537431145 1.43040006169059 
2.39999999999999 -0.0625637543600204 1.42991746415316 
2.40999999999999 -0.076862929001552 1.42929182660956 
2.41999999999999 -0.0911558472676476 1.42852319731955 
2.42999999999999 -0.105441079240843 1.42761163884687 
2.43999999999999 -0.119717195629312 1.42655722805446 
2.44999999999999 -0.133982767909856 1.42536005609817 
2.45999999999999 -0.148236368470838 1.42402022841907 
2.46999999999999 -0.162476570755029 1.42253786473436 
2.47999999999999 -0.176701949402372 1.42091309902681 
2.48999999999999 -0.19091108039264 1.41914607953279 
2.49999999999999 -0.205102541187968 1.41723696872886 
2.50999999999999 -0.219274910875257 1.41518594331698 
2.51999999999999 -0.233426770308427 1.41299319420823 
2.52999999999999 -0.247556702250509 1.41065892650514 
2.53999999999999 -0.26166329151556 1.40818335948264 
2.54999999999999 -0.275745125110387 1.40556672656748 
2.55999999999999 -0.289800792376062 1.40280927531638 
2.56999999999999 -0.303828885129225 1.39991126739262 
2.57999999999999 -0.317827997803152 1.39687297854133 
2.58999999999999 -0.331796727588565 1.39369469856329 
2.59999999999999 -0.345733674574198 1.39037673128741 
2.60999999999999 -0.359637441887072 1.38691939454167 
2.61999999999999 -0.373506635832489 1.3833230201228 
2.62999999999999 -0.387339866033717 1.37958795376447 
2.63999999999999 -0.401135745571361 1.37571455510413 
2.64999999999999 -0.414892891122403 1.37170319764842 
2.65999999999999 -0.428609923098887 1.3675542687372 
2.66999999999999 -0.442285465786259 1.36326816950621 
2.67999999999999 -0.455918147481321 1.35884531484835 
2.68999999999999 -0.469506600629804 1.35428613337353 
2.69999999999999 -0.48304946196354 1.34959106736723 
2.70999999999999 -0.496545372637212 1.3447605727476 
2.71999999999999 -0.509992978364688 1.33979511902123 
2.72999999999999 -0.5233909295549 1.33469518923758 
2.73999999999999 -0.536737881447276 1.32946127994203 
2.74999999999999 -0.550032494246696 1.32409390112756 
2.75999999999999 -0.563273433257972 1.31859357618509 
2.76999999999998 -0.576459369019823 1.31296084185251 
2.77999999999998 -0.589588977438348 1.30719624816231 
2.78999999999998 -0.602660939919971 1.30130035838793 
2.79999999999998 -0.61567394350385 1.29527374898873 
2.80999999999998 -0.628626680993738 1.28911700955369 
2.81999999999998 -0.641517851089275 1.28283074274375 
2.82999999999998 -0.654346158516712 1.27641556423286 
2.83999999999998 -0.667110314159041 1.26987210264769 
2.84999999999998 -0.679809035185518 1.2632009995061 
2.85999999999998 -0.692441045180579 1.25640290915425 
2.86999999999998 -0.705005074272121 1.24947849870244 
2.87999999999998 -0.717499859259146 1.24242844795972 
2.88999999999998 -0.729924143738743 1.23525344936713 
2.89999999999998 -0.742276678232414 1.22795420792974 
2.90999999999998 -0.754556220311712 1.22053144114742 
2.91999999999998 -0.766761534723186 1.2129858789443 
2.92999999999998 -0.778891393512629 1.20531826359707 
2.93999999999998 -0.790944576148599 1.19752934966194 
2.94999999999998 -0.802919869645219 1.18961990390046 
2.95999999999998 -0.814816068684223 1.181590705204 
2.96999999999998 -0.826631975736263 1.17344254451716 
2.97999999999998 -0.838366401181435 1.1651762247598 
2.98999999999998 -0.850018163429033 1.15679256074799 
2.99999999999998 -0.861586089036513 1.14829237911369 
3.00999999999998 -0.87306901282765 1.13967651822333 
3.01999999999998 -0.884465778009883 1.13094582809505 
3.02999999999998 -0.895775236290834 1.12210117031495 
3.03999999999998 -0.906996247993983 1.11314341795205 
3.04999999999998 -0.918127682173504 1.10407345547211 
3.05999999999998 -0.929168416728225 1.09489217865037 
3.06999999999998 -0.940117338514729 1.08560049448309 
3.07999999999998 -0.95097334345956 1.07619932109794 
3.08999999999998 -0.961735336670539 1.06668958766335 
3.09999999999998 -0.972402232547172 1.05707223429664 
3.10999999999998 -0.982972954890139 1.04734821197117 
3.11999999999998 -0.99344643700985 1.03751848242227 
3.12999999999998 -1.00382162183407 1.02758401805217 
3.13999999999998 -1.01409746201459 1.01754580183383 
3.14999999999998 -1.02427292003293 1.00740482721368 
3.15999999999998 -1.03434696830507 0.997162098013353 
3.16999999999998 -1.0443185892852 0.986818628330303 
3.17999999999998 -1.05418677556851 0.976375442437451 
3.18999999999998 -1.06395052999288 0.965833574681766 
3.19999999999998 -1.0736088657397 0.955194069381837 
3.20999999999998 -1.08316080643352 0.94445798072444 
3.21999999999998 -1.09260538624076 0.933626372660105 
3.22999999999998 -1.10194164996736 0.922700318797697 
3.23999999999997 -1.11116865315534 0.911680902298023 
3.24999999999997 -1.12028546217832 0.90056921576647 
3.25999999999997 -1.12929115433598 0.889366361144687 
3.26999999999997 -1.13818481794743 0.878073449601327 
3.27999999999997 -1.14696555244344 0.866691601421853 
3.28999999999997 -1.15563246845766 0.855221945897418 
3.29999999999997 -1.16418468791664 0.843665621212841 
3.30999999999997 -1.17262134412877 0.832023774333675 
3.31999999999997 -1.1809415818721 0.820297560892387 
3.32999999999997 -1.18914455748103 0.808488145073667 
3.33999999999997 -1.19722943893176 0.796596699498856 
3.34999999999997 -1.20519540592675 0.784624405109539 
3.35999999999997 -1.21304164997785 0.772572451050271 
3.36999999999997 -1.22076737448835 0.760442034550493 
3.37999999999997 -1.22837179483385 0.748234360805609 
3.38999999999997 -1.23585413844191 0.735950642857271 
3.39999999999997 -1.24321364487048 0.723592101472852 
3.40999999999997 -1.25044956588521 0.711159965024147 
3.41999999999997 -1.25756116553545 0.698655469365295 
3.42999999999997 -1.26454772022911 0.68607985770994 
3.43999999999997 -1.27140851880621 0.673434380507649 
3.44999999999997 -1.27814286261128 0.660720295319587 
3.45999999999997 -1.28475006556448 0.647938866693474 
3.46999999999997 -1.29122945423141 0.635091366037829 
3.47999999999997 -1.29758036789179 0.622179071495515 
3.48999999999997 -1.30380215860675 0.609203267816597 
3.49999999999997 -1.30989419128491 0.59616524623053 
3.50999999999997 -1.31585584374722 0.583066304317681 
3.51999999999997 -1.32168650679039 0.569907745880209 
3.52999999999997 -1.3273855842492 0.556690880812305 
3.53999999999997 -1.33295249305732 0.543417024969813 
3.54999999999997 -1.33838666330702 0.53008750003924 
3.55999999999997 -1.34368753830741 0.516703633406169 
3.56999999999997 -1.34885457464147 0.503266758023095 
3.57999999999997 -1.3538872422217 0.489778212276681 
3.58999999999997 -1.35878502434447 0.476239339854464 
3.59999999999997 -1.36354741774301 0.462651489611019 
3.60999999999997 -1.36817393263912 0.449016015433589 
3.61999999999997 -1.37266409279346 0.435334276107197 
3.62999999999997 -1.37701743555453 0.421607635179263 
3.63999999999997 -1.38123351190632 0.407837460823718 
3.64999999999997 -1.38531188651456 0.394025125704654 
3.65999999999997 -1.38925213777161 0.380172006839509 
3.66999999999997 -1.39305385784 0.366279485461793 
3.67999999999997 -1.39671665269462 0.352348946883393 
3.68999999999997 -1.40024014216346 0.338381780356446 
3.69999999999997 -1.40362395996702 0.324379378934812 
3.70999999999996 -1.40686775375637 0.310343139335142 
3.71999999999996 -1.40997118514972 0.296274461797578 
3.72999999999996 -1.4129339297677 0.282174749946081 
3.73999999999996 -1.41575567726716 0.268045410648404 
3.74999999999996 -1.41843613137364 0.253887853875732 
3.75999999999996 -1.4209750099124 0.239703492561996 
3.76999999999996 -1.42337204483802 0.225493742462872 
3.77999999999996 -1.42562698226265 0.211260022014492 
3.78999999999996 -1.42773958248279 0.197003752191865 
3.79999999999996 -1.42970962000471 0.182726356367037 
3.80999999999996 -1.43153688356838 0.16842926016699 
3.81999999999996 -1.43322117617005 0.154113891331306 
3.82999999999996 -1.43476231508336 0.139781679569606 
3.83999999999996 -1.43616013187906 0.125434056418772 
3.84999999999996 -1.43741447244325 0.111072455099982 
3.85999999999996 -1.43852519699425 0.0966983103755492 
3.86999999999996 -1.439492180098 0.0823130584056068 
3.87999999999996 -1.44031531068206 0.0679181366046267 
3.88999999999996 -1.4409944920481 0.0535149834978062 
3.89999999999996 -1.44152964188308 0.0391050385773251 
3.90999999999996 -1.44192069226886 0.0246897421584943 
3.91999999999996 -1.44216758969044 0.0102705352358057 
3.92999999999996 -1.4422702950428 -0.00415114066109867 
3.93999999999996 -1.44222878363619 -0.0185738436115267 
3.94999999999996 -1.44204304520007 -0.0329961314478885 
3.95999999999996 -1.44171308388559 -0.0474165618998893 
3.96999999999996 -1.44123891826659 -0.0618336927387452 
3.97999999999996 -1.44062058133921 -0.0762460819214111 
3.98999999999996 -1.43985812051999 -0.0906522877348032 
3.99999999999996 -1.43895159764265 -0.105050868940003 
4.00999999999996 -1.43790108895325 -0.11944038491643 
4.01999999999996 -1.43670668510408 -0.133819395805962 
4.02999999999996 -1.43536849114602 -0.148186462657003 
4.03999999999996 -1.43388662651945 -0.162540147568463 
4.04999999999996 -1.43226122504377 -0.176879013833658 
4.05999999999996 -1.43049243490543 -0.191201626084095 
4.06999999999996 -1.42858041864459 -0.20550655043315 
4.07999999999996 -1.42652535314026 -0.219792354619595 
4.08999999999996 -1.42432742959406 -0.234057608150998 
4.09999999999996 -1.42198685351255 -0.248300882446939 
4.10999999999996 -1.41950384468808 -0.262520750982064 
4.11999999999996 -1.41687863717826 -0.276715789428945 
4.12999999999996 -1.41411147928397 -0.290884575800728 
4.13999999999996 -1.41120263352597 -0.305025690593567 
4.14999999999996 -1.40815237662003 -0.319137716928827 
4.15999999999996 -1.40496099945074 -0.333219240695027 
4.16999999999996 -1.40162880704379 -0.347268850689535 
4.17999999999996 -1.3981561185369 -0.361285138759973 
4.18999999999996 -1.3945432671493 -0.375266699945342 
4.19999999999995 -1.39079060014984 -0.389212132616835 
4.20999999999995 -1.38689847882367 -0.403120038618333 
4.21999999999995 -1.38286727843749 -0.41698902340657 
4.22999999999995 -1.37869738820343 -0.430817696190945 
4.23999999999995 -1.37438921124152 -0.444604670072979 
4.24999999999995 -1.36994316454079 -0.458348562185394 
4.25999999999995 -1.36535967891893 -0.472047993830802 
4.26999999999995 -1.36063919898062 -0.485701590619991 
4.27999999999995 -1.35578218307442 -0.499307982609797 
4.28999999999995 -1.35078910324833 -0.512865804440542 
4.29999999999995 -1.34566044520392 -0.526373695473025 
4.30999999999995 -1.34039670824919 -0.539830299925064 
4.31999999999995 -1.33499840524994 -0.553234267007556 
4.32999999999995 -1.32946606257986 -0.566584251060055 
4.33999999999995 -1.32380022006926 -0.579878911685854 
4.34999999999995 -1.31800143095241 -0.593116913886547 
4.35999999999995 -1.31207026181354 -0.606296928196071 
4.36999999999995 -1.30600729253158 -0.619417630814206 
4.37999999999995 -1.29981311622344 -0.632477703739522 
4.38999999999995 -1.29348833918604 -0.645475834901756 
4.39999999999995 -1.28703358083702 -0.658410718293617 
4.40999999999995 -1.28044947365409 -0.671281054101987 
4.41999999999995 -1.27373666311307 -0.684085548838528 
4.42999999999995 -1.26689580762468 -0.696822915469659 
4.43999999999995 -1.25992757846999 -0.709491873545905 
4.44999999999995 -1.25283265973453 -0.722091149330605 
4.45999999999995 -1.24561174824122 -0.734619475927951 
4.46999999999995 -1.23826555348194 -0.747075593410363 
4.47999999999995 -1.23079479754784 -0.759458248945182 
4.48999999999995 -1.22320021505839 -0.771766196920661 
4.49999999999995 -1.21548255308918 -0.783998199071244 
4.50999999999995 -1.20764257109847 -0.796153024602136 
4.51999999999995 -1.19968104085245 -0.808229450313121 
4.52999999999995 -1.19159874634931 -0.820226260721645 
4.53999999999995 -1.1833964837421 -0.832142248185138 
4.54999999999995 -1.17507506126025 -0.843976213022559 
4.55999999999995 -1.16663529913002 -0.855726963635162 
4.56999999999995 -1.15807802949367 -0.867393316626462 
4.57999999999995 -1.14940409632741 -0.878974096921399 
4.58999999999995 -1.14061435535819 -0.890468137884673 
4.59999999999995 -1.13170967397934 -0.901874281438255 
4.60999999999995 -1.12269093116496 -0.913191378178048 
4.61999999999995 -1.11355901738318 -0.924418287489698 
4.62999999999995 -1.10431483450828 -0.935553877663529 
4.63999999999995 -1.09495929573165 -0.946597026008612 
4.64999999999995 -1.08549332547156 -0.957546618965929 
4.65999999999995 -1.0759178592819 -0.968401552220644 
4.66999999999994 -1.0662338437597 -0.979160730813463 
4.67999999999994 -1.05644223645156 -0.98982306925106 
4.68999999999994 -1.04654400575905 -1.00038749161558 
4.69999999999994 -1.0365401308429 -1.01085293167317 
4.70999999999994 -1.02643160152616 -1.0212183329816 
4.71999999999994 -1.01621941819635 -1.03148264899686 
4.72999999999994 -1.00590459170638 -1.04164484317882 
4.73999999999994 -0.995488143274592 -1.05170388909588 
4.74999999999994 -0.984971104383633 -1.06165877052863 
4.75999999999994 -0.974354516678347 -1.07150848157247 
4.76999999999994 -0.963639431862622 -1.08125202673925 
4.77999999999994 -0.95282691159523 -1.09088842105788 
4.78999999999994 -0.941918027384651 -1.10041669017383 
4.79999999999994 -0.930913860482912 -1.10983587044768 
4.80999999999994 -0.919815501778436 -1.1191450090525 
4.81999999999994 -0.908624051687911 -1.12834316407029 
4.82999999999994 -0.897340620047208 -1.13742940458717 
4.83999999999994 -0.885966326001336 -1.14640281078764 
4.84999999999994 -0.87450229789346 -1.15526247404765 
4.85999999999994 -0.862949673152983 -1.16400749702659 
4.86999999999994 -0.851309598182717 -1.17263699375812 
4.87999999999994 -0.839583228245136 -1.18115008973994 
4.88999999999994 -0.827771727347737 -1.1895459220224 
4.89999999999994 -0.815876268127513 -1.19782363929587 
4.90999999999994 -0.803898031734554 -1.20598240197715 
4.91999999999994 -0.791838207714783 -1.21402138229449 
4.92999999999994 -0.779697993891838 -1.22193976437164 
4.93999999999994 -0.767478596248121 -1.22973674431056 
4.94999999999994 -0.755181228805016 -1.23741153027304 
4.95999999999994 -0.742807113502285 -1.24496334256109 
4.96999999999994 -0.730357480076674 -1.25239141369611 
4.97999999999994 -0.717833565939713 -1.25969498849688 
4.98999999999994 -0.705236616054744 -1.26687332415628 
4.99999999999994 -0.692567882813182 -1.27392569031683 
