0 2 2 3.1  
0.01 2 2.000200020002 3.10048057448905  
0.02 2.0004 2.00080032012805 3.10192319237927  
0.03 2.001200320032 2.00180162145931 3.10433054110484  
0.04 2.00240176084827 2.00320512820513 3.10770711364183  
0.05 2.00400560597301 2.00501253132832 3.11205922951437  
0.06 2.00601362520739 2.00722601364914 3.11739506445969  
0.07 2.0084280796061 2.00984825645664 3.12372468901305  
0.08 2.01125172795177 2.01288244766506 3.13106011635423  
0.09 2.01448783476232 2.01633229156165 3.13941535984283  
0.1 2.01814017987509 2.02020202020202 3.14880650076181  
0.11 2.02221306966071 2.02449640651888 3.15925176688798  
0.12 2.02671134992973 2.02922077922078 3.17077162261681  
0.13 2.03164042060485 2.03438103956871 3.18338887148865  
0.14 2.03700625224308 2.03998368013056 3.19712877209629  
0.15 2.04281540450342 2.0460358056266 3.21201916850149  
0.16 2.04907504666874 2.05254515599343 3.22809063645452  
0.17 2.05579298034375 2.05952013180929 3.24537664689779  
0.18 2.0629776644664 2.0669698222406 3.26391374844701  
0.19 2.07063824278576 2.07490403568835 3.28374177078423  
0.2 2.07878457397748 2.08333333333333 3.30490405117271  
0.21 2.0874272645875 2.09226906580186 3.32744768661883  
0.22 2.09657770501588 2.10172341319882 3.35142381456896  
0.23 2.10624810877685 2.1117094287826 3.37688792544703  
0.24 2.11645155529702 2.12224108658744 3.40390021082221  
0.25 2.12720203654323 2.13333333333333 3.43252595155709  
0.26 2.13851450780391 2.14500214500214 3.46283595093943  
0.27 2.15040494298414 2.15726458850178 3.49490701856247  
0.28 2.16289039481493 2.17013888888889 3.52882251161096  
0.29 2.17598906042288 2.18364450267496 3.56467294125764  
0.3 2.18972035275701 2.1978021978022 3.60255665310866  
0.31 2.20410497842685 2.21263414094479 3.6425805920956  
0.32 2.21916502257022 2.22816399286988 3.68486116394066  
0.33 2.23492404144189 2.24441701268096 3.72952520737965  
0.34 2.25140716349624 2.26142017186793 3.77671109378426  
0.35 2.26864119983011 2.27920227920228 3.82656997376948  
0.36 2.28665476495759 2.29779411764706 3.87926719391331  
0.37 2.30547840900836 2.31722859460086 3.9349839109932  
0.38 2.32514476257765 2.33754090696587 3.9939189363292  
0.39 2.34568869561204 2.35876872272674 4.05629084913869  
0.4 2.36714749189325 2.38095238095238 4.12234042553192  
0.41 2.38956104088676 2.40413511239332 4.19233343926864  
0.42 2.41297204895607 2.42836328314716 4.26656390211677  
0.43 2.43742627221405 2.45368666421298 4.34535782619971  
0.44 2.46297277359371 2.48015873015873 4.42907760886959  
0.45 2.48966420708095 2.50783699059561 4.51812716341775  
0.46 2.51755713246904 2.53678335870117 4.61295794768013  
0.47 2.54671236447917 2.56706456167373 4.71407607910524  
0.48 2.57719536065591 2.5987525987526 4.82205077152813  
0.49 2.60907665310544 2.63192525332281 4.93752438898136  
0.5 2.64243232991616 2.66666666666667 5.06122448979592  
0.51 2.67734457300709 2.70306798215975 5.19397833608391  
0.52 2.71390226021641 2.74122807017544 5.33673047789561  
0.53 2.75220164070205 2.78125434570992 5.49056419975027  
0.54 2.79234709421879 2.82326369282891 5.65672785664757  
0.55 2.83445198660959 2.8673835125448 5.83666745116498  
0.56 2.87863963596376 2.91375291375292 6.03206724782068  
0.57 2.92504440642471 2.96252407050807 6.24490083701817  
0.58 2.97381294966818 3.01386377335745 6.47749592544612  
0.59 3.02510561773395 3.06795520785397 6.73261735929374  
0.6 3.07909807532477 3.125 7.01357466063349  
0.61 3.13598314506959 3.18522057652493 7.32436295762503  
0.62 3.19597292581517 3.24886289798571 7.66985006680193  
0.63 3.25930123205894 3.31619963521804 8.05602837800966  
0.64 3.32622641254313 3.38753387533876 8.49035933391763  
0.65 3.39703461828713 3.46320346320347 8.98225280695402  
0.66 3.4720436055731 3.54358610914245 9.54374730620038  
0.67 3.5516071784465 3.62910542551261 10.1904965401621  
0.68 3.63612039923145 3.7202380952381 10.9432363739057  
0.69 3.72602572582386 3.81752242794427 11.8300291934592  
0.7 3.82182027301942 3.92156862745098 12.8898128898129  
0.71 3.92406444441426 4.0330711837064 14.1782341238081  
0.72 4.03339224493806 4.15282392026579 15.777687296417  
0.73 4.15052366654905 4.28173838578463 17.8155800120687  
0.74 4.27627964750712 4.42086648983201 20.4999338711812  
0.75 4.41160024792237 4.57142857142858 24.1951219512197  
0.76 4.55756687352839 4.73484848484849 29.6027501909858  
0.77 4.71542963365918 4.91279783836896 38.2692426393438  
0.78 4.88664126371012 5.10725229826354 54.4050544050555  
0.79 5.07289951386363 5.32056397978187 94.9609434829258  
0.8 5.27620055873792 5.55555555555557 387.500000000059  
0.81 5.49890689742613 5.81564408258216 -182.836921262152  
0.820000000000001 5.74383451166527 6.10500610500612 -73.4249171008979  
0.830000000000001 6.01436591782393 6.42880102860818 -45.7260859945414  
0.840000000000001 6.31459847618983 6.79347826086959 -33.0913748932532  
0.850000000000001 6.64954136908002 7.20720720720723 -25.8602711157452  
0.860000000000001 7.02538077264242 7.68049155145932 -21.1777565241151  
0.870000000000001 7.4498421576477 8.22706705059649 -17.8989000837205  
0.880000000000001 7.93269344676033 8.86524822695039 -15.4752396166133  
0.890000000000001 8.48645654957874 9.62000962000967 -13.6111172092818  
0.900000000000001 9.12743405801294 10.5263157894737 -12.1330724070449  
0.910000000000001 9.87722453036332 11.6346713205353 -10.9326233005942  
0.920000000000001 10.7650165666145 13.0208333333334 -9.93844575532182  
0.930000000000001 11.8311639180658 14.8038490007403 -9.10171905048513  
0.940000000000001 13.1329448068679 17.1821305841926 -8.38789977812648  
0.950000000000001 14.7542026562902 20.5128205128208 -7.77185835161388  
0.960000000000001 16.8222243685075 25.510204081633 -7.23487677371169  
0.970000000000001 19.5389018024699 33.840947546532 -6.76272646952952  
0.980000000000001 23.2420580338415 50.5050505050521 -6.34439851008961  
0.990000000000001 28.5359519979964 100.502512562821 -5.97124172934863  
1 36.5975275066727 -1.50119987579017e+15 -5.63636363636362  
