0 -2 
0.01 -1.99980002666267 
0.02 -1.99920038646477 
0.03 -1.99820185130691 
0.04 -1.99680566941879 
0.05 -1.9950135615141 
0.06 -1.9928277155496 
0.07 -1.99025078011796 
0.08 -1.98728585651128 
0.09 -1.9839364894994 
0.1 -1.98020665687346 
0.11 -1.97610075781184 
0.12 -1.97162360013093 
0.13 -1.96678038648859 
0.14 -1.96157669961276 
0.15 -1.95601848663174 
0.16 -1.95011204258587 
0.17 -1.94386399320346 
0.18 -1.93728127702556 
0.19 -1.93037112696598 
0.2 -1.92314105139367 
0.21 -1.9155988148247 
0.22 -1.9077524183109 
0.23 -1.8996100796112 
0.24 -1.89118021323008 
0.25 -1.88247141040569 
0.26 -1.87349241912747 
0.27 -1.86425212426058 
0.28 -1.85475952785043 
0.29 -1.84502372967769 
0.3 -1.83505390812952 
0.31 -1.82485930144895 
0.32 -1.81444918941957 
0.33 -1.80383287553835 
0.34 -1.79301966972454 
0.35 -1.78201887160767 
0.36 -1.77083975443318 
0.37 -1.75949154961894 
0.38 -1.74798343199167 
0.39 -1.73632450572699 
0.4 -1.72452379101275 
0.41 -1.71259021145056 
0.42 -1.70053258220625 
0.43 -1.68835959891597 
0.44 -1.67607982735047 
0.45 -1.66370169383697 
0.46 -1.65123347643397 
0.47 -1.63868329685168 
0.48 -1.62605911310751 
0.49 -1.61336871290343 
0.5 -1.60061970770968 
0.51 -1.587819527537 
0.52 -1.57497541637768 
0.53 -1.56209442829393 
0.54 -1.54918342413086 
0.55 -1.53624906882977 
0.56 -1.52329782931673 
0.57 -1.51033597294061 
0.58 -1.49736956643375 
0.59 -1.48440447536864 
0.6 -1.47144636408315 
0.61 -1.45850069604719 
0.62 -1.44557273464339 
0.63 -1.43266754433491 
0.64 -1.4197899921936 
0.65 -1.40694474976209 
0.66 -1.39413629522424 
0.67 -1.38136891585864 
0.68 -1.36864671075062 
0.69 -1.35597359373927 
0.7 -1.34335329657626 
0.71 -1.33078937227459 
0.72 -1.31828519862602 
0.73 -1.30584398186679 
0.74 -1.2934687604725 
0.75 -1.28116240906357 
0.76 -1.26892764240385 
0.77 -1.25676701947607 
0.78 -1.24468294761829 
0.79 -1.23267768670702 
0.8 -1.22075335337311 
0.81 -1.20891192523782 
0.820000000000001 -1.19715524515704 
0.830000000000001 -1.18548502546262 
0.840000000000001 -1.17390285219079 
0.850000000000001 -1.16241018928811 
0.860000000000001 -1.15100838278633 
0.870000000000001 -1.1396986649385 
0.880000000000001 -1.12848215830897 
0.890000000000001 -1.11735987981089 
0.900000000000001 -1.10633274468552 
0.910000000000001 -1.09540157041794 
0.920000000000001 -1.08456708058474 
0.930000000000001 -1.0738299086296 
0.940000000000001 -1.06319060156313 
0.950000000000001 -1.0526496235841 
0.960000000000001 -1.04220735961937 
0.970000000000001 -1.03186411878035 
0.980000000000001 -1.0216201377344 
0.990000000000001 -1.01147558398961 
1 -1.00143055909205 
1.01 -0.991485101734772 
1.02 -0.981639190778115 
1.03 -0.971892748181187 
1.04 -0.962245641844658 
1.05 -0.952697688365167 
1.06 -0.943248655701894 
1.07 -0.933898265756033 
1.08 -0.924646196864046 
1.09 -0.915492086205758 
1.1 -0.906435532128462 
1.11 -0.897476096388341 
1.12 -0.888613306310614 
1.13 -0.879846656869886 
1.14 -0.871175612692297 
1.15 -0.862599609981103 
1.16 -0.854118058367381 
1.17 -0.845730342687618 
1.18 -0.837435824689955 
1.19 -0.829233844670906 
1.2 -0.821123723044373 
1.21 -0.813104761844826 
1.22 -0.805176246166479 
1.23 -0.79733744554033 
1.24 -0.789587615250924 
1.25 -0.781925997594666 
1.26 -0.774351823081533 
1.27 -0.766864311581987 
1.28 -0.759462673420887 
1.29 -0.752146110420175 
1.3 -0.744913816892072 
1.31 -0.737764980584501 
1.32 -0.730698783580434 
1.33 -0.723714403152791 
1.34 -0.71681101257654 
1.35 -0.709987781899548 
1.36 -0.703243878673757 
1.37 -0.696578468648184 
1.38 -0.689990716425202 
1.39 -0.683479786081568 
1.4 -0.677044841755554 
1.41 -0.67068504820157 
1.42 -0.664399571313572 
1.43 -0.658187578618546 
1.44 -0.6520482397413 
1.45 -0.645980726841771 
1.46 -0.639984215026004 
1.47 -0.634057882731933 
1.48 -0.628200912091047 
1.49 -0.622412489267002 
1.5 -0.616691804772182 
1.51 -0.611038053763204 
1.52 -0.605450436316299 
1.53 -0.599928157683494 
1.54 -0.594470428530468 
1.55 -0.589076465156928 
1.56 -0.583745489700325 
1.57 -0.578476730323692 
1.58 -0.573269421388361 
1.59 -0.568122803612283 
1.6 -0.563036124214651 
1.61 -0.558008637047493 
1.62 -0.553039602714889 
1.63 -0.54812828868041 
1.64 -0.543273969363397 
1.65 -0.538475926224625 
1.66 -0.533733447841921 
1.67 -0.529045829976234 
1.68 -0.524412375628679 
1.69 -0.519832395089022 
1.7 -0.515305205976072 
1.71 -0.510830133270414 
1.72 -0.50640650933991 
1.73 -0.502033673958366 
1.74 -0.497710974317745 
1.75 -0.493437765034313 
1.76 -0.489213408149042 
1.77 -0.485037273122624 
1.78 -0.480908736825416 
1.79 -0.476827183522611 
1.8 -0.472792004854939 
1.81 -0.468802599815165 
1.82 -0.464858374720665 
1.83 -0.460958743182312 
1.84 -0.457103126069931 
1.85 -0.453290951474551 
1.86 -0.449521654667658 
1.87 -0.445794678057675 
1.88 -0.442109471143859 
1.89 -0.438465490467804 
1.9 -0.434862199562728 
1.91 -0.431299068900717 
1.92 -0.427775575838093 
1.93 -0.424291204559044 
1.94 -0.420845446017684 
1.95 -0.417437797878658 
1.96 -0.414067764456443 
1.97 -0.410734856653466 
1.98 -0.407438591897139 
1.99 -0.404178494075953 
2 -0.400954093474715 
2.01 -0.397764926709032 
2.02 -0.394610536659145 
2.03 -0.391490472403195 
2.04 -0.388404289150008 
2.05 -0.385351548171485 
2.06 -0.382331816734658 
2.07 -0.379344668033498 
2.08 -0.376389681120542 
2.09 -0.373466440838383 
2.1 -0.370574537751114 
2.11 -0.367713568075748 
2.12 -0.364883133613696 
2.13 -0.362082841682335 
2.14 -0.359312305046716 
2.15 -0.356571141851458 
2.16 -0.35385897555287 
2.17 -0.351175434851331 
2.18 -0.348520153623976 
2.19 -0.345892770857703 
2.2 -0.343292930582559 
2.21 -0.3407202818055 
2.22 -0.338174478444584 
2.23 -0.335655179263598 
2.24 -0.333162047807152 
2.25 -0.330694752336267 
2.26 -0.328252965764456 
2.27 -0.325836365594341 
2.28 -0.323444633854809 
2.29 -0.321077457038711 
2.29999999999999 -0.318734526041149 
2.30999999999999 -0.316415536098329 
2.31999999999999 -0.314120186727013 
2.32999999999999 -0.311848181664569 
2.33999999999999 -0.30959922880964 
2.34999999999999 -0.307373040163419 
2.35999999999999 -0.305169331771564 
2.36999999999999 -0.302987823666732 
2.37999999999999 -0.300828239811758 
2.38999999999999 -0.298690308043469 
2.39999999999999 -0.29657376001715 
2.40999999999999 -0.294478331151645 
2.41999999999999 -0.292403760575122 
2.42999999999999 -0.290349791071477 
2.43999999999999 -0.288316169027394 
2.44999999999999 -0.286302644380058 
2.45999999999999 -0.284308970565515 
2.46999999999999 -0.28233490446769 
2.47999999999999 -0.280380206368047 
2.48999999999999 -0.278444639895901 
2.49999999999999 -0.276527971979375 
2.50999999999999 -0.274629972797001 
2.51999999999999 -0.27275041572996 
2.52999999999999 -0.270889077314962 
2.53999999999999 -0.269045737197758 
2.54999999999999 -0.267220178087278 
2.55999999999999 -0.265412185710408 
2.56999999999999 -0.263621548767376 
2.57999999999999 -0.261848058887759 
2.58999999999999 -0.260091510587109 
2.59999999999999 -0.258351701224176 
2.60999999999999 -0.256628430958746 
2.61999999999999 -0.254921502710068 
2.62999999999999 -0.253230722115873 
2.63999999999999 -0.25155589749199 
2.64999999999999 -0.249896839792527 
2.65999999999999 -0.248253362570642 
2.66999999999999 -0.246625281939876 
2.67999999999999 -0.245012416536053 
2.68999999999999 -0.24341458747973 
2.69999999999999 -0.241831618339214 
2.70999999999999 -0.240263335094104 
2.71999999999999 -0.238709566099394 
2.72999999999999 -0.237170142050087 
2.73999999999999 -0.235644895946357 
2.74999999999999 -0.234133663059212 
2.75999999999999 -0.232636280896689 
2.76999999999998 -0.23115258917054 
2.77999999999998 -0.229682429763433 
2.78999999999998 -0.228225646696641 
2.79999999999998 -0.22678208609822 
2.80999999999998 -0.225351596171675 
2.81999999999998 -0.223934027165092 
2.82999999999998 -0.222529231340753 
2.83999999999998 -0.221137062945201 
2.84999999999998 -0.219757378179776 
2.85999999999998 -0.218390035171589 
2.86999999999998 -0.217034893944949 
2.87999999999998 -0.215691816393229 
2.88999999999998 -0.214360666251159 
2.89999999999998 -0.213041309067555 
2.90999999999998 -0.211733612178455 
2.91999999999998 -0.210437444680683 
2.92999999999998 -0.209152677405816 
2.93999999999998 -0.207879182894549 
2.94999999999998 -0.206616835371467 
2.95999999999998 -0.2053655107202 
2.96999999999998 -0.204125086458968 
2.97999999999998 -0.202895441716501 
2.98999999999998 -0.20167645720834 
2.99999999999998 -0.200468015213496 
3.00999999999998 -0.199269999551488 
3.01999999999998 -0.198082295559719 
3.02999999999998 -0.196904790071221 
3.03999999999998 -0.195737371392737 
3.04999999999998 -0.194579929283147 
3.05999999999998 -0.193432354932235 
3.06999999999998 -0.192294540939775 
3.07999999999998 -0.19116638129496 
3.08999999999998 -0.190047771356137 
3.09999999999998 -0.188938607830867 
3.10999999999998 -0.18783878875629 
3.11999999999998 -0.186748213479806 
3.12999999999998 -0.185666782640044 
3.13999999999998 -0.184594398148143 
3.14999999999998 -0.183530963169309 
3.15999999999998 -0.182476382104676 
3.16999999999998 -0.181430560573435 
3.17999999999998 -0.180393405395257 
3.18999999999998 -0.179364824572974 
3.19999999999998 -0.178344727275542 
3.20999999999998 -0.177333023821267 
3.21999999999998 -0.176329625661287 
3.22999999999998 -0.17533444536332 
3.23999999999997 -0.174347396595655 
3.24999999999997 -0.173368394111404 
3.25999999999997 -0.172397353732985 
3.26999999999997 -0.171434192336862 
3.27999999999997 -0.170478827838509 
3.28999999999997 -0.169531179177612 
3.29999999999997 -0.168591166303506 
3.30999999999997 -0.16765871016083 
3.31999999999997 -0.166733732675411 
3.32999999999997 -0.16581615674036 
3.33999999999997 -0.164905906202393 
3.34999999999997 -0.16400290584835 
3.35999999999997 -0.163107081391941 
3.36999999999997 -0.162218359460677 
3.37999999999997 -0.16133666758302 
3.38999999999997 -0.160461934175718 
3.39999999999997 -0.159594088531348 
3.40999999999997 -0.158733060806038 
3.41999999999997 -0.157878782007388 
3.42999999999997 -0.157031183982574 
3.43999999999997 -0.156190199406631 
3.44999999999997 -0.155355761770924 
3.45999999999997 -0.15452780537179 
3.46999999999997 -0.153706265299352 
3.47999999999997 -0.152891077426514 
3.48999999999997 -0.152082178398116 
3.49999999999997 -0.151279505620255 
3.50999999999997 -0.150482997249777 
3.51999999999997 -0.149692592183921 
3.52999999999997 -0.148908230050124 
3.53999999999997 -0.148129851195983 
3.54999999999997 -0.147357396679369 
3.55999999999997 -0.146590808258687 
3.56999999999997 -0.145830028383293 
3.57999999999997 -0.145075000184047 
3.58999999999997 -0.144325667464017 
3.59999999999997 -0.143581974689317 
3.60999999999997 -0.142843866980088 
3.61999999999997 -0.142111290101615 
3.62999999999997 -0.141384190455577 
3.63999999999997 -0.140662515071429 
3.64999999999997 -0.139946211597912 
3.65999999999997 -0.139235228294699 
3.66999999999997 -0.138529514024151 
3.67999999999997 -0.137829018243217 
3.68999999999997 -0.137133690995433 
3.69999999999997 -0.136443482903065 
3.70999999999996 -0.135758345159344 
3.71999999999996 -0.13507822952084 
3.72999999999996 -0.134403088299936 
3.73999999999996 -0.133732874357418 
3.74999999999996 -0.133067541095174 
3.75999999999996 -0.132407042449006 
3.76999999999996 -0.131751332881545 
3.77999999999996 -0.131100367375269 
3.78999999999996 -0.130454101425629 
3.79999999999996 -0.129812491034278 
3.80999999999996 -0.129175492702391 
3.81999999999996 -0.128543063424094 
3.82999999999996 -0.127915160679984 
3.83999999999996 -0.127291742430747 
3.84999999999996 -0.126672767110866 
3.85999999999996 -0.126058193622428 
3.86999999999996 -0.125447981329013 
3.87999999999996 -0.124842090049685 
3.88999999999996 -0.124240480053054 
3.89999999999996 -0.123643112051441 
3.90999999999996 -0.123049947195119 
3.91999999999996 -0.12246094706664 
3.92999999999996 -0.121876073675246 
3.93999999999996 -0.121295289451356 
3.94999999999996 -0.120718557241144 
3.95999999999996 -0.12014584030118 
3.96999999999996 -0.119577102293164 
3.97999999999996 -0.119012307278725 
3.98999999999996 -0.118451419714303 
3.99999999999996 -0.117894404446096 
4.00999999999996 -0.117341226705089 
4.01999999999996 -0.116791852102149 
4.02999999999996 -0.11624624662319 
4.03999999999996 -0.115704376624412 
4.04999999999996 -0.115166208827601 
4.05999999999996 -0.114631710315506 
4.06999999999996 -0.11410084852727 
4.07999999999996 -0.113573591253937 
4.08999999999996 -0.113049906634015 
4.09999999999996 -0.112529763149109 
4.10999999999996 -0.112013129619609 
4.11999999999996 -0.111499975200446 
4.12999999999996 -0.110990269376901 
4.13999999999996 -0.110483981960479 
4.14999999999996 -0.109981083084839 
4.15999999999996 -0.109481543201782 
4.16999999999996 -0.108985333077294 
4.17999999999996 -0.108492423787644 
4.18999999999996 -0.108002786715542 
4.19999999999995 -0.107516393546346 
4.20999999999995 -0.10703321626432 
4.21999999999995 -0.106553227148953 
4.22999999999995 -0.10607639877132 
4.23999999999995 -0.105602703990498 
4.24999999999995 -0.105132115950034 
4.25999999999995 -0.104664608074457 
4.26999999999995 -0.104200154065842 
4.27999999999995 -0.10373872790042 
4.28999999999995 -0.103280303825237 
4.29999999999995 -0.102824856354857 
4.30999999999995 -0.102372360268109 
4.31999999999995 -0.101922790604885 
4.32999999999995 -0.101476122662974 
4.33999999999995 -0.101032331994945 
4.34999999999995 -0.100591394405073 
4.35999999999995 -0.100153285946304 
4.36999999999995 -0.0997179829172585 
4.37999999999995 -0.0992854618592888 
4.38999999999995 -0.0988556995535606 
4.39999999999995 -0.098428673018185 
4.40999999999995 -0.0980043595053849 
4.41999999999995 -0.0975827364987012 
4.42999999999995 -0.0971637817102368 
4.43999999999995 -0.0967474730779379 
4.44999999999995 -0.0963337887629112 
4.45999999999995 -0.0959227071467788 
4.46999999999995 -0.0955142068290676 
4.47999999999995 -0.095108266624634 
4.48999999999995 -0.0947048655611236 
4.49999999999995 -0.0943039828764645 
4.50999999999995 -0.0939055980163947 
4.51999999999995 -0.093509690632022 
4.52999999999995 -0.0931162405774166 
4.53999999999995 -0.0927252279072366 
4.54999999999995 -0.0923366328743838 
4.55999999999995 -0.0919504359276914 
4.56999999999995 -0.0915666177096429 
4.57999999999995 -0.0911851590541198 
4.58999999999995 -0.0908060409841806 
4.59999999999995 -0.0904292447098684 
4.60999999999995 -0.0900547516260473 
4.61999999999995 -0.0896825433102679 
4.62999999999995 -0.0893126015206602 
4.63999999999995 -0.0889449081938547 
4.64999999999995 -0.0885794454429306 
4.65999999999995 -0.0882161955553909 
4.66999999999994 -0.0878551409911636 
4.67999999999994 -0.0874962643806298 
4.68999999999994 -0.0871395485226768 
4.69999999999994 -0.0867849763827769 
4.70999999999994 -0.086432531091091 
4.71999999999994 -0.086082195940597 
4.72999999999994 -0.085733954385242 
4.73999999999994 -0.0853877900381195 
4.74999999999994 -0.0850436866696685 
4.75999999999994 -0.0847016282058976 
4.76999999999994 -0.0843615987266305 
4.77999999999994 -0.0840235824637752 
4.78999999999994 -0.0836875637996145 
4.79999999999994 -0.0833535272651194 
4.80999999999994 -0.0830214575382829 
4.81999999999994 -0.0826913394424765 
4.82999999999994 -0.0823631579448264 
4.83999999999994 -0.0820368981546113 
4.84999999999994 -0.0817125453216801 
4.85999999999994 -0.0813900848348899 
4.86999999999994 -0.081069502220564 
4.87999999999994 -0.080750783140969 
4.88999999999994 -0.0804339133928116 
4.89999999999994 -0.080118878905754 
4.90999999999994 -0.0798056657409486 
4.91999999999994 -0.0794942600895904 
4.92999999999994 -0.0791846482714885 
4.93999999999994 -0.0788768167336546 
4.94999999999994 -0.0785707520489101 
4.95999999999994 -0.0782664409145097 
4.96999999999994 -0.0779638701507832 
4.97999999999994 -0.0776630266997938 
4.98999999999994 -0.0773638976240127 
4.99999999999994 -0.0770664701050108 
