0 -2 
0.01 -1.999800026664 
0.02 -1.99920033319539 
0.03 -1.9793375587505 
0.04 -1.9587613325454 
0.05 -1.93775866124934 
0.06 -1.91629062920716 
0.07 -1.89439235736752 
0.08 -1.87210094084173 
0.09 -1.84945295206838 
0.1 -1.82648458619672 
0.11 -1.80323154603072 
0.12 -1.77972892273025 
0.13 -1.756011087304 
0.14 -1.73211159222038 
0.15 -1.70806308321049 
0.16 -1.68389722129301 
0.17 -1.65964461493869 
0.18 -1.63533476219377 
0.19 -1.61099600249366 
0.2 -1.5866554778228 
0.21 -1.56233910281169 
0.22 -1.53807154330894 
0.23 -1.51387620292403 
0.24 -1.48977521700441 
0.25 -1.46578945348876 
0.26 -1.44193852006483 
0.27 -1.41824077705586 
0.28 -1.39471335546154 
0.29 -1.37137217958879 
0.3 -1.3482319937216 
0.31 -1.3253063922987 
0.32 -1.30260785309018 
0.33 -1.28014777289058 
0.34 -1.25793650527386 
0.35 -1.23598339998556 
0.36 -1.21429684357847 
0.37 -1.19288430092947 
0.38 -1.17175235730629 
0.39 -1.15090676068456 
0.4 -1.13035246404522 
0.41 -1.11009366741208 
0.42 -1.09013385941721 
0.43 -1.07047585820875 
0.44 -1.05112185154061 
0.45 -1.03207343590751 
0.46 -1.0133316546103 
0.47 -0.994897034657241 
0.48 -0.97676962242501 
0.49 -0.958949018020434 
0.5 -0.941434408299206 
0.51 -0.924224598511545 
0.52 -0.907318042557114 
0.53 -0.890712871842388 
0.54 -0.874406922743257 
0.55 -0.858397762683977 
0.56 -0.84268271485082 
0.57 -0.827258881564915 
0.58 -0.812123166343963 
0.59 -0.797272294686852 
0.6 -0.782702833618663 
0.61 -0.768411210036426 
0.62 -0.754393727898068 
0.63 -0.740646584298637 
0.64 -0.727165884478937 
0.65 -0.713947655812316 
0.66 -0.700987860815644 
0.67 -0.688282409230355 
0.68 -0.675827169219089 
0.69 -0.663617977722817 
0.7 -0.651650650022468 
0.71 -0.639920988548108 
0.72 -0.628424790977509 
0.73 -0.617157857664733 
0.74 -0.606115998437944 
0.75 -0.595295038804294 
0.76 -0.584690825598198 
0.77 -0.574299232107885 
0.78 -0.564116162713531 
0.79 -0.554137557068818 
0.8 -0.544359393856219 
0.81 -0.534777694144855 
0.820000000000001 -0.525388524378271 
0.830000000000001 -0.516187999018072 
0.840000000000001 -0.507172282867961 
0.850000000000001 -0.49833759310136 
0.860000000000001 -0.48968020101449 
0.870000000000001 -0.481196433525527 
0.880000000000001 -0.472882674439231 
0.890000000000001 -0.464735365495281 
0.900000000000001 -0.456751007217436 
0.910000000000001 -0.44892615957958 
0.920000000000001 -0.441257442503678 
0.930000000000001 -0.433741536203729 
0.940000000000001 -0.426375181388858 
0.950000000000001 -0.419155179337839 
0.960000000000001 -0.412078391856511 
0.970000000000001 -0.405141741128748 
0.980000000000001 -0.398342209470959 
0.990000000000001 -0.391676838999333 
1 -0.385142731218451 
1.01 -0.378737046539222 
1.02 -0.372457003733569 
1.03 -0.366299879332686 
1.04 -0.360263006975249 
1.05 -0.354343776711419 
1.06 -0.348539634268074 
1.07 -0.342848080280263 
1.08 -0.337266669493489 
1.09 -0.331793009941065 
1.1 -0.326424762100449 
1.11 -0.321159638032123 
1.12 -0.315995400504316 
1.13 -0.31092986210657 
1.14 -0.305960884354897 
1.15 -0.301086376791043 
1.16 -0.296304296078131 
1.17 -0.291612645094789 
1.18 -0.287009472029621 
1.19 -0.282492869477747 
1.2 -0.278060973540965 
1.21 -0.273711962932901 
1.22 -0.269444058090427 
1.23 -0.265255520292448 
1.24 -0.261144650787063 
1.25 -0.257109789927989 
1.26 -0.25314931632104 
1.27 -0.249261645981335 
1.28 -0.245445231501858 
1.29 -0.241698561233881 
1.3 -0.238020158479703 
1.31 -0.234408580698095 
1.32 -0.230862418722758 
1.33 -0.227380295994072 
1.34 -0.223960867804341 
1.35 -0.220602820556696 
1.36 -0.217304871037791 
1.37 -0.214065765704359 
1.38 -0.210884279983685 
1.39 -0.207759217588006 
1.4 -0.20468940984283 
1.41 -0.201673715029123 
1.42 -0.19871101773931 
1.43 -0.195800228246993 
1.44 -0.19294028189029 
1.45 -0.190130138468669 
1.46 -0.187368781653137 
1.47 -0.184655218409634 
1.48 -0.181988478435478 
1.49 -0.179367613608669 
1.5 -0.176791697449889 
1.51 -0.174259824596997 
1.52 -0.171771110291824 
1.53 -0.169324689879065 
1.54 -0.166919718317072 
1.55 -0.164555369700318 
1.56 -0.162230836793332 
1.57 -0.15994533057589 
1.58 -0.157698079799235 
1.59 -0.155488330553119 
1.6 -0.153315345843437 
1.61 -0.151178405180245 
1.62 -0.149076804175937 
1.63 -0.147009854153361 
1.64 -0.144976881763675 
1.65 -0.1429772286137 
1.66 -0.141010250902587 
1.67 -0.13907531906757 
1.68 -0.137171817438596 
1.69 -0.135299143901642 
1.7 -0.133456709570495 
1.71 -0.131643938466819 
1.72 -0.129860267208282 
1.73 -0.128105144704588 
1.74 -0.126378031861181 
1.75 -0.124678401290468 
1.76 -0.123005737030362 
1.77 -0.121359534269961 
1.78 -0.119739299082196 
1.79 -0.118144548163266 
1.8 -0.116574808578701 
1.81 -0.115029617515867 
1.82 -0.113508522042772 
1.83 -0.112011078873001 
1.84 -0.110536854136619 
1.85 -0.109085423156906 
1.86 -0.107656370232761 
1.87 -0.106249288426629 
1.88 -0.104863779357818 
1.89 -0.103499453001062 
1.9 -0.102155927490187 
1.91 -0.100832828926761 
1.92 -0.0995297911935832 
1.93 -0.0982464557729061 
1.94 -0.096982471569242 
1.95 -0.095737494736656 
1.96 -0.0945111885104152 
1.97 -0.0933032230428862 
1.98 -0.0921132752435651 
1.99 -0.0909410286231355 
2 -0.0897861731414453 
2.01 -0.0886484050593019 
2.02 -0.0875274267939831 
2.03 -0.0864229467783675 
2.04 -0.085334679323589 
2.05 -0.0842623444851211 
2.06 -0.0832056679322024 
2.07 -0.0821643808205149 
2.08 -0.0811382196680284 
2.09 -0.0801269262339286 
2.1 -0.0791302474005479 
2.11 -0.0781479350582187 
2.12 -0.0771797459929736 
2.13 -0.0762254417770167 
2.14 -0.0752847886618936 
2.15 -0.0743575574742889 
2.16 -0.0734435235143823 
2.17 -0.0725424664566967 
2.18 -0.0716541702533715 
2.19 -0.0707784230397997 
2.2 -0.0699150170425641 
2.21 -0.0690637484896159 
2.22 -0.0682244175226335 
2.23 -0.0673968281115074 
2.24 -0.0665807879708944 
2.25 -0.065776108478787 
2.26 -0.0649826045970461 
2.27 -0.0642000947938467 
2.28 -0.0634284009679843 
2.29 -0.0626673483749972 
2.29999999999999 -0.0619167655550547 
2.30999999999999 -0.0611764842625675 
2.31999999999999 -0.0604463393974742 
2.32999999999999 -0.0597261689381625 
2.33999999999999 -0.0590158138759814 
2.34999999999999 -0.0583151181513035 
2.35999999999999 -0.0576239285910992 
2.36999999999999 -0.056942094847982 
2.37999999999999 -0.0562694693406886 
2.38999999999999 -0.0556059071959561 
2.39999999999999 -0.0549512661917616 
2.40999999999999 -0.0543054067018888 
2.41999999999999 -0.0536681916417877 
2.42999999999999 -0.0530394864156952 
2.43999999999999 -0.052419158864984 
2.44999999999999 -0.0518070792177086 
2.45999999999999 -0.0512031200393193 
2.46999999999999 -0.0506071561845126 
2.47999999999999 -0.0500190647501914 
2.48999999999999 -0.0494387250295058 
2.49999999999999 -0.0488660184669481 
2.50999999999999 -0.0483008286144749 
2.51999999999999 -0.0477430410886311 
2.52999999999999 -0.0471925435286506 
2.53999999999999 -0.0466492255555091 
2.54999999999999 -0.0461129787319057 
2.55999999999999 -0.0455836965231503 
2.56999999999999 -0.0450612742589333 
2.57999999999999 -0.044545609095957 
2.58999999999999 -0.0440365999814072 
2.59999999999999 -0.0435341476172433 
2.60999999999999 -0.0430381544252878 
2.61999999999999 -0.0425485245130953 
2.62999999999999 -0.0420651636405813 
2.63999999999999 -0.0415879791873932 
2.64999999999999 -0.0411168801210044 
2.65999999999999 -0.0406517769655145 
2.66999999999999 -0.0401925817711383 
2.67999999999999 -0.0397392080843662 
2.68999999999999 -0.0392915709187812 
2.69999999999999 -0.0388495867265147 
2.70999999999999 -0.0384131733703277 
2.71999999999999 -0.0379822500963002 
2.72999999999999 -0.0375567375071163 
2.73999999999999 -0.0371365575359291 
2.74999999999999 -0.036721633420792 
2.75999999999999 -0.0363118896796435 
2.76999999999998 -0.0359072520858308 
2.77999999999998 -0.0355076476441617 
2.78999999999998 -0.0351130045674694 
2.79999999999998 -0.0347232522536802 
2.80999999999998 -0.0343383212633717 
2.81999999999998 -0.0339581432978092 
2.82999999999998 -0.0335826511774498 
2.83999999999998 -0.0332117788209028 
2.84999999999998 -0.0328454612243361 
2.85999999999998 -0.0324836344413174 
2.86999999999998 -0.0321262355630811 
2.87999999999998 -0.0317732026992098 
2.88999999999998 -0.0314244749587219 
2.89999999999998 -0.0310799924315545 
2.90999999999998 -0.0307396961704343 
2.91999999999998 -0.0304035281731257 
2.92999999999998 -0.0300714313650479 
2.93999999999998 -0.029743349582254 
2.94999999999998 -0.029419227554761 
2.95999999999998 -0.0290990108902253 
2.96999999999998 -0.0287826460579542 
2.97999999999998 -0.028470080373246 
2.98999999999998 -0.0281612619820521 
2.99999999999998 -0.0278561398459524 
3.00999999999998 -0.0275546637274377 
3.01999999999998 -0.0272567841754922 
3.02999999999998 -0.0269624525114694 
3.03999999999998 -0.0266716208152537 
3.04999999999998 -0.0263842419117025 
3.05999999999998 -0.0261002693573627 
3.06999999999998 -0.0258196574274537 
3.07999999999998 -0.0255423611031127 
3.08999999999998 -0.025268336058896 
3.09999999999998 -0.02499753865053 
3.10999999999998 -0.0247299259029068 
3.11999999999998 -0.0244654554983191 
3.12999999999998 -0.0242040857649291 
3.13999999999998 -0.0239457756654653 
3.14999999999998 -0.0236904847861445 
3.15999999999998 -0.0234381733258103 
3.16999999999998 -0.0231888020852877 
3.17999999999998 -0.0229423324569457 
3.18999999999998 -0.0226987264144645 
3.19999999999998 -0.0224579465028039 
3.20999999999998 -0.0222199558283661 
3.21999999999998 -0.0219847180493516 
3.22999999999998 -0.0217521973663016 
3.23999999999997 -0.0215223585128238 
3.24999999999997 -0.021295166746498 
3.25999999999997 -0.0210705878399571 
3.26999999999997 -0.02084858807214 
3.27999999999997 -0.0206291342197124 
3.28999999999997 -0.0204121935486522 
3.29999999999997 -0.0201977338059962 
3.30999999999997 -0.0199857232117437 
3.31999999999997 -0.019776130450915 
3.32999999999997 -0.0195689246657607 
3.33999999999997 -0.0193640754481182 
3.34999999999997 -0.0191615528319138 
3.35999999999997 -0.0189613272858054 
3.36999999999997 -0.0187633697059646 
3.37999999999997 -0.018567651408994 
3.38999999999997 -0.0183741441249774 
3.39999999999997 -0.0181828199906605 
3.40999999999997 -0.0179936515427583 
3.41999999999997 -0.0178066117113878 
3.42999999999997 -0.0176216738136225 
3.43999999999997 -0.0174388115471664 
3.44999999999997 -0.0172579989841458 
3.45999999999997 -0.0170792105650143 
3.46999999999997 -0.0169024210925724 
3.47999999999997 -0.0167276057260946 
3.48999999999997 -0.0165547399755662 
3.49999999999997 -0.0163837996960249 
3.50999999999997 -0.0162147610820056 
3.51999999999997 -0.0160476006620869 
3.52999999999997 -0.0158822952935366 
3.53999999999997 -0.0157188221570548 
3.54999999999997 -0.0155571587516115 
3.55999999999997 -0.0153972828893783 
3.56999999999997 -0.0152391726907509 
3.57999999999997 -0.0150828065794619 
3.58999999999997 -0.0149281632777808 
3.59999999999997 -0.0147752218018002 
3.60999999999997 -0.0146239614568064 
3.61999999999997 -0.0144743618327325 
3.62999999999997 -0.0143264027996929 
3.63999999999997 -0.0141800645035962 
3.64999999999997 -0.0140353273618374 
3.65999999999997 -0.0138921720590647 
3.66999999999997 -0.0137505795430222 
3.67999999999997 -0.0136105310204655 
3.68999999999997 -0.0134720079531494 
3.69999999999997 -0.0133349920538851 
3.70999999999996 -0.0131994652826676 
3.71999999999996 -0.0130654098428704 
3.72999999999996 -0.012932808177506 
3.73999999999996 -0.0128016429655523 
3.74999999999996 -0.0126718971183422 
3.75999999999996 -0.0125435537760163 
3.76999999999996 -0.0124165963040362 
3.77999999999996 -0.0122910082897589 
3.78999999999996 -0.0121667735390696 
3.79999999999996 -0.0120438760730723 
3.80999999999996 -0.0119223001248374 
3.81999999999996 -0.0118020301362055 
3.82999999999996 -0.0116830507546443 
3.83999999999996 -0.0115653468301608 
3.84999999999996 -0.011448903412265 
3.85999999999996 -0.0113337057469852 
3.86999999999996 -0.0112197392739345 
3.87999999999996 -0.0111069896234259 
3.88999999999996 -0.0109954426136371 
3.89999999999996 -0.0108850842478225 
3.90999999999996 -0.0107759007115719 
3.91999999999996 -0.0106678783701156 
3.92999999999996 -0.0105610037656744 
3.93999999999996 -0.0104552636148538 
3.94999999999996 -0.0103506448060819 
3.95999999999996 -0.0102471343970892 
3.96999999999996 -0.0101447196124316 
3.97999999999996 -0.0100433878410528 
3.98999999999996 -0.00994312663388838 
3.99999999999996 -0.00984392370150845 
4.00999999999996 -0.00974576691179984 
4.01999999999996 -0.0096486442876859 
4.02999999999996 -0.0095525440048839 
4.03999999999996 -0.00945745438969917 
4.04999999999996 -0.00936336391685515 
4.05999999999996 -0.00927026120735897 
4.06999999999996 -0.00917813502640167 
4.07999999999996 -0.00908697428129252 
4.08999999999996 -0.00899676801942691 
4.09999999999996 -0.00890750542628701 
4.10999999999996 -0.0088191758234748 
4.11999999999996 -0.00873176866677669 
4.12999999999996 -0.0086452735442594 
4.13999999999996 -0.00855968017439628 
4.14999999999996 -0.00847497840422374 
4.15999999999996 -0.00839115820752706 
4.16999999999996 -0.00830820968305524 
4.17999999999996 -0.00822612305276425 
4.18999999999996 -0.00814488866008815 
4.19999999999995 -0.00806449696823772 
4.20999999999995 -0.007984938558526 
4.21999999999995 -0.00790620412872024 
4.22999999999995 -0.00782828449141993 
4.23999999999995 -0.00775117057246029 
4.24999999999995 -0.00767485340934092 
4.25999999999995 -0.00759932414967897 
4.26999999999995 -0.0075245740496867 
4.27999999999995 -0.00745059447267262 
4.28999999999995 -0.00737737688756617 
4.29999999999995 -0.00730491286746526 
4.30999999999995 -0.00723319408820641 
4.31999999999995 -0.00716221232695705 
4.32999999999995 -0.00709195946082959 
4.33999999999995 -0.00702242746551692 
4.34999999999995 -0.00695360841394894 
4.35999999999995 -0.00688549447496971 
4.36999999999995 -0.006818077912035 
4.37999999999995 -0.00675135108192975 
4.38999999999995 -0.00668530643350515 
4.39999999999995 -0.00661993650643504 
4.40999999999995 -0.00655523392999123 
4.41999999999995 -0.00649119142183747 
4.42999999999995 -0.00642780178684175 
4.43999999999995 -0.00636505791590657 
4.44999999999995 -0.00630295278481692 
4.45999999999995 -0.00624147945310566 
4.46999999999995 -0.00618063106293603 
4.47999999999995 -0.00612040083800089 
4.48999999999995 -0.00606078208243861 
4.49999999999995 -0.00600176817976509 
4.50999999999995 -0.00594335259182187 
4.51999999999995 -0.00588552885773984 
4.52999999999995 -0.00582829059291851 
4.53999999999995 -0.00577163148802038 
4.54999999999995 -0.0057155453079803 
4.55999999999995 -0.00566002589102949 
4.56999999999995 -0.00560506714773402 
4.57999999999995 -0.00555066306004749 
4.58999999999995 -0.00549680768037768 
4.59999999999995 -0.0054434951306669 
4.60999999999995 -0.00539071960148594 
4.61999999999995 -0.00533847535114125 
4.62999999999995 -0.00528675670479515 
4.63999999999995 -0.00523555805359898 
4.64999999999995 -0.00518487385383888 
4.65999999999995 -0.00513469862609392 
4.66999999999994 -0.00508502695440661 
4.67999999999994 -0.00503585348546532 
4.68999999999994 -0.00498717292779862 
4.69999999999994 -0.00493898005098122 
4.70999999999994 -0.00489126968485139 
4.71999999999994 -0.00484403671873968 
4.72999999999994 -0.00479727610070868 
4.73999999999994 -0.00475098283680374 
4.74999999999994 -0.00470515199031441 
4.75999999999994 -0.00465977868104642 
4.76999999999994 -0.0046148580846041 
4.77999999999994 -0.00457038543168302 
4.78999999999994 -0.00452635600737268 
4.79999999999994 -0.0044827651504691 
4.80999999999994 -0.00443960825279721 
4.81999999999994 -0.00439688075854274 
4.82999999999994 -0.00435457816359366 
4.83999999999994 -0.00431269601489085 
4.84999999999994 -0.00427122990978787 
4.85999999999994 -0.00423017549541988 
4.86999999999994 -0.00418952846808122 
4.87999999999994 -0.00414928457261191 
4.88999999999994 -0.00410943960179257 
4.89999999999994 -0.00406998939574785 
4.90999999999994 -0.00403092984135825 
4.91999999999994 -0.00399225687167996 
4.92999999999994 -0.00395396646537295 
4.93999999999994 -0.00391605464613683 
4.94999999999994 -0.00387851748215459 
4.95999999999994 -0.00384135108554408 
4.96999999999994 -0.00380455161181695 
4.97999999999994 -0.00376811525934512 
4.98999999999994 -0.00373203826883459 
4.99999999999994 -0.0036963169228064 
