0 -2 
0.01 -1.999800026664 
0.02 -1.99920033319539 
0.03 -1.99820163850335 
0.04 -1.99680513838527 
0.05 -1.99501250195189 
0.06 -1.99282586665039 
0.07 -1.99024783191312 
0.08 -1.98728145146707 
0.09 -1.98393022434628 
0.1 -1.98019808465635 
0.11 -1.97608939014642 
0.12 -1.97160890964991 
0.13 -1.96676180946074 
0.14 -1.96155363871643 
0.15 -1.95599031386382 
0.16 -1.95007810228667 
0.17 -1.94382360517727 
0.18 -1.93723373973684 
0.19 -1.9303157207906 
0.2 -1.92307704190505 
0.21 -1.91552545609497 
0.22 -1.90766895620758 
0.23 -1.89951575507042 
0.24 -1.89107426548835 
0.25 -1.88235308017284 
0.26 -1.87336095168468 
0.27 -1.86410677246803 
0.28 -1.85459955505081 
0.29 -1.84484841248262 
0.3 -1.83486253907746 
0.31 -1.82465119152433 
0.32 -1.81422367042438 
0.33 -1.80358930230869 
0.34 -1.79275742218589 
0.35 -1.78173735666417 
0.36 -1.77053840768731 
0.37 -1.75916983691944 
0.38 -1.74764085080847 
0.39 -1.73596058635336 
0.4 -1.72413809759584 
0.41 -1.71218234285242 
0.42 -1.70010217269851 
0.43 -1.68790631871209 
0.44 -1.67560338298043 
0.45 -1.66320182836965 
0.46 -1.65070996955347 
0.47 -1.638135964794 
0.48 -1.62548780846466 
0.49 -1.61277332430237 
0.5 -1.60000015937379 
0.51 -1.58717577873791 
0.52 -1.57430746078552 
0.53 -1.56140229323414 
0.54 -1.54846716975569 
0.55 -1.53550878721255 
0.56 -1.52253364347701 
0.57 -1.50954803580785 
0.58 -1.49655805975755 
0.59 -1.48356960858275 
0.6 -1.47058837313064 
0.61 -1.45761984217366 
0.62 -1.44466930316499 
0.63 -1.43174184338745 
0.64 -1.41884235146874 
0.65 -1.4059755192364 
0.66 -1.39314584388636 
0.67 -1.38035763043947 
0.68 -1.36761499446135 
0.69 -1.35492186502124 
0.7 -1.34228198786676 
0.71 -1.32969892879203 
0.72 -1.31717607717774 
0.73 -1.30471664968237 
0.74 -1.29232369406516 
0.75 -1.28000009312184 
0.76 -1.2677485687156 
0.77 -1.25557168588641 
0.78 -1.24347185702292 
0.79 -1.23145134608203 
0.8 -1.21951227284229 
0.81 -1.20765661717805 
0.820000000000001 -1.19588622334232 
0.830000000000001 -1.18420280424706 
0.840000000000001 -1.17260794573056 
0.850000000000001 -1.16110311080244 
0.860000000000001 -1.14968964385727 
0.870000000000001 -1.13836877484914 
0.880000000000001 -1.12714162341965 
0.890000000000001 -1.11600920297287 
0.900000000000001 -1.10497242469137 
0.910000000000001 -1.09403210148796 
0.920000000000001 -1.08318895188859 
0.930000000000001 -1.07244360384216 
0.940000000000001 -1.06179659845374 
0.950000000000001 -1.05124839363813 
0.960000000000001 -1.04079936769106 
0.970000000000001 -1.03044982277593 
0.980000000000001 -1.02019998832431 
0.990000000000001 -1.01005002434876 
1 -1.00000002466701 
1.01 -0.990050020036741 
1.02 -0.980199981200545 
1.03 -0.970449821840961 
1.04 -0.960799401445694 
1.05 -0.951248528083357 
1.06 -0.941796961090294 
1.07 -0.932444413669237 
1.08 -0.923190555400698 
1.09 -0.914035014668187 
1.1 -0.904977380998443 
1.11 -0.89601720731801 
1.12 -0.887154012127598 
1.13 -0.878387281595741 
1.14 -0.869716471573365 
1.15 -0.861141009530942 
1.16 -0.852660296419948 
1.17 -0.844273708460414 
1.18 -0.835980598856374 
1.19 -0.827780299441063 
1.2 -0.819672122253724 
1.21 -0.811655361049896 
1.22 -0.803729292747083 
1.23 -0.795893178807677 
1.24 -0.788146266561025 
1.25 -0.780487790466505 
1.26 -0.772916973319485 
1.27 -0.765433027401985 
1.28 -0.758035155579886 
1.29 -0.750722552348462 
1.3 -0.74349440482802 
1.31 -0.736349893711376 
1.32 -0.729288194164883 
1.33 -0.722308476684681 
1.34 -0.715409907909811 
1.35 -0.7085916513938 
1.36 -0.70185286833627 
1.37 -0.695192718276121 
1.38 -0.688610359747759 
1.39 -0.682104950901824 
1.4 -0.67567565009184 
1.41 -0.669321616428138 
1.42 -0.663042010300407 
1.43 -0.656835993870142 
1.44 -0.650702731534266 
1.45 -0.644641390361112 
1.46 -0.638651140499972 
1.47 -0.632731155565317 
1.48 -0.626880612996815 
1.49 -0.621098694396192 
1.5 -0.615384585841969 
1.51 -0.609737478183064 
1.52 -0.604156567312207 
1.53 -0.598641054420107 
1.54 -0.593190146231231 
1.55 -0.587803055222075 
1.56 -0.582478999822733 
1.57 -0.577217204602561 
1.58 -0.5720169004407 
1.59 -0.566877324682178 
1.6 -0.561797721280311 
1.61 -0.556777340926066 
1.62 -0.55181544116503 
1.63 -0.546911286502624 
1.64 -0.542064148498147 
1.65 -0.537273305848216 
1.66 -0.53253804446017 
1.67 -0.527857657515941 
1.68 -0.523231445526918 
1.69 -0.518658716380267 
1.7 -0.514138785377178 
1.71 -0.509670975263479 
1.72 -0.505254616253044 
1.73 -0.500889046044385 
1.74 -0.496573609830831 
1.75 -0.492307660304655 
1.76 -0.488090557655496 
1.77 -0.483921669563424 
1.78 -0.479800371186963 
1.79 -0.475726045146374 
1.8 -0.471698081502503 
1.81 -0.467715877731461 
1.82 -0.463778838695408 
1.83 -0.459886376609693 
1.84 -0.456037911006589 
1.85 -0.452232868695861 
1.86 -0.448470683722374 
1.87 -0.44475079732096 
1.88 -0.441072657868735 
1.89 -0.437435720835059 
1.9 -0.433839448729318 
1.91 -0.43028331104669 
1.92 -0.426766784212073 
1.93 -0.423289351522311 
1.94 -0.419850503086877 
1.95 -0.416449735767143 
1.96 -0.413086553114374 
1.97 -0.409760465306563 
1.98 -0.406470989084239 
1.99 -0.403217647685334 
2 -0.399999970779251 
2.01 -0.396817494400192 
2.02 -0.393669760879879 
2.03 -0.390556318779722 
2.04 -0.387476722822555 
2.05 -0.384430533823979 
2.06 -0.381417318623426 
2.07 -0.378436650014988 
2.08 -0.375488106678088 
2.09 -0.372571273108054 
2.1 -0.369685739546659 
2.11 -0.366831101912676 
2.12 -0.364006961732504 
2.13 -0.361212926070912 
2.14 -0.358448607461948 
2.15 -0.355713623840062 
2.16 -0.353007598471465 
2.17 -0.350330159885784 
2.18 -0.347680941808034 
2.19 -0.345059583090943 
2.2 -0.342465727647657 
2.21 -0.339899024384865 
2.22 -0.337359127136354 
2.23 -0.334845694597029 
2.24 -0.332358390257417 
2.25 -0.329896882338677 
2.26 -0.327460843728134 
2.27 -0.32504995191535 
2.28 -0.322663888928759 
2.29 -0.320302341272868 
2.29999999999999 -0.317964999866043 
2.30999999999999 -0.315651559978898 
2.31999999999999 -0.313361721173282 
2.32999999999999 -0.311095187241888 
2.33999999999999 -0.308851666148487 
2.34999999999999 -0.306630869968795 
2.35999999999999 -0.304432514831974 
2.36999999999999 -0.302256320862786 
2.37999999999999 -0.300102012124387 
2.38999999999999 -0.297969316561781 
2.39999999999999 -0.29585796594593 
2.40999999999999 -0.293767695818518 
2.41999999999999 -0.29169824543738 
2.42999999999999 -0.289649357722589 
2.43999999999999 -0.28762077920321 
2.44999999999999 -0.285612259964712 
2.45999999999999 -0.283623553597042 
2.46999999999999 -0.281654417143361 
2.47999999999999 -0.27970461104944 
2.48999999999999 -0.27777389911371 
2.49999999999999 -0.275862048437965 
2.50999999999999 -0.273968829378727 
2.51999999999999 -0.272094015499248 
2.52999999999999 -0.270237383522164 
2.53999999999999 -0.26839871328279 
2.54999999999999 -0.266577787683052 
2.55999999999999 -0.264774392646053 
2.56999999999999 -0.262988317071269 
2.57999999999999 -0.261219352790367 
2.58999999999999 -0.259467294523646 
2.59999999999999 -0.25773193983709 
2.60999999999999 -0.256013089100032 
2.61999999999999 -0.254310545443417 
2.62999999999999 -0.252624114718671 
2.63999999999999 -0.250953605457159 
2.64999999999999 -0.249298828830222 
2.65999999999999 -0.247659598609812 
2.66999999999999 -0.246035731129684 
2.67999999999999 -0.244427045247167 
2.68999999999999 -0.242833362305495 
2.69999999999999 -0.241254506096693 
2.70999999999999 -0.239690302825017 
2.71999999999999 -0.23814058107093 
2.72999999999999 -0.236605171755623 
2.73999999999999 -0.235083908106066 
2.74999999999999 -0.233576625620576 
2.75999999999999 -0.232083162034913 
2.76999999999998 -0.23060335728888 
2.77999999999998 -0.229137053493432 
2.78999999999998 -0.227684094898285 
2.79999999999998 -0.226244327860012 
2.80999999999998 -0.224817600810628 
2.81999999999998 -0.223403764226655 
2.82999999999998 -0.222002670598661 
2.83999999999998 -0.220614174401259 
2.84999999999998 -0.219238132063575 
2.85999999999998 -0.217874401940165 
2.86999999999998 -0.216522844282379 
2.87999999999998 -0.215183321210168 
2.88999999999998 -0.21385569668433 
2.89999999999998 -0.212539836479176 
2.90999999999998 -0.211235608155626 
2.91999999999998 -0.209942881034722 
2.92999999999998 -0.208661526171547 
2.93999999999998 -0.207391416329554 
2.94999999999998 -0.206132425955287 
2.95999999999998 -0.204884431153507 
2.96999999999998 -0.203647309662691 
2.97999999999998 -0.202420940830926 
2.98999999999998 -0.201205205592164 
2.99999999999998 -0.199999986442866 
3.00999999999998 -0.19880516741899 
3.01999999999998 -0.197620634073355 
3.02999999999998 -0.196446273453351 
3.03999999999998 -0.195281974078996 
3.04999999999998 -0.19412762592134 
3.05999999999998 -0.192983120381205 
3.06999999999998 -0.191848350268257 
3.07999999999998 -0.190723209780405 
3.08999999999998 -0.189607594483526 
3.09999999999998 -0.188501401291502 
3.10999999999998 -0.187404528446572 
3.11999999999998 -0.186316875499991 
3.12999999999998 -0.185238343292995 
3.13999999999998 -0.184168833938057 
3.14999999999998 -0.183108250800441 
3.15999999999998 -0.182056498480044 
3.16999999999998 -0.181013482793524 
3.17999999999998 -0.179979110756701 
3.18999999999998 -0.178953290567239 
3.19999999999998 -0.177935931587598 
3.20999999999998 -0.17692694432825 
3.21999999999998 -0.175926240431161 
3.22999999999998 -0.174933732653525 
3.23999999999997 -0.173949334851756 
3.24999999999997 -0.172972961965732 
3.25999999999997 -0.172004530003281 
3.26999999999997 -0.171043956024906 
3.27999999999997 -0.170091158128758 
3.28999999999997 -0.16914605543583 
3.29999999999997 -0.168208568075394 
3.30999999999997 -0.167278617170655 
3.31999999999997 -0.166356124824633 
3.32999999999997 -0.165441014106264 
3.33999999999997 -0.164533209036715 
3.34999999999997 -0.16363263457591 
3.35999999999997 -0.162739216609272 
3.36999999999997 -0.16185288193466 
3.37999999999997 -0.160973558249519 
3.38999999999997 -0.16010117413822 
3.39999999999997 -0.1592356590596 
3.40999999999997 -0.158376943334694 
3.41999999999997 -0.157524958134658 
3.42999999999997 -0.156679635468873 
3.43999999999997 -0.155840908173239 
3.44999999999997 -0.155008709898641 
3.45999999999997 -0.154182975099604 
3.46999999999997 -0.15336363902311 
3.47999999999997 -0.152550637697596 
3.48999999999997 -0.151743907922115 
3.49999999999997 -0.150943387255666 
3.50999999999997 -0.150149014006686 
3.51999999999997 -0.149360727222705 
3.52999999999997 -0.148578466680156 
3.53999999999997 -0.147802172874342 
3.54999999999997 -0.147031787009558 
3.55999999999997 -0.146267250989358 
3.56999999999997 -0.145508507406976 
3.57999999999997 -0.144755499535891 
3.58999999999997 -0.144008171320533 
3.59999999999997 -0.143266467367132 
3.60999999999997 -0.142530332934704 
3.61999999999997 -0.141799713926179 
3.62999999999997 -0.141074556879654 
3.63999999999997 -0.140354808959783 
3.64999999999997 -0.139640417949302 
3.65999999999997 -0.138931332240673 
3.66999999999997 -0.138227500827855 
3.67999999999997 -0.137528873298206 
3.68999999999997 -0.1368353998245 
3.69999999999997 -0.136147031157063 
3.70999999999996 -0.135463718616033 
3.71999999999996 -0.13478541408373 
3.72999999999996 -0.134112069997143 
3.73999999999996 -0.133443639340526 
3.74999999999996 -0.132780075638111 
3.75999999999996 -0.132121332946921 
3.76999999999996 -0.131467365849698 
3.77999999999996 -0.130818129447928 
3.78999999999996 -0.130173579354978 
3.79999999999996 -0.129533671689325 
3.80999999999996 -0.128898363067898 
3.81999999999996 -0.128267610599503 
3.82999999999996 -0.127641371878359 
3.83999999999996 -0.12701960497772 
3.84999999999996 -0.126402268443595 
3.85999999999996 -0.125789321288561 
3.86999999999996 -0.125180722985663 
3.87999999999996 -0.124576433462409 
3.88999999999996 -0.123976413094847 
3.89999999999996 -0.123380622701731 
3.90999999999996 -0.122789023538776 
3.91999999999996 -0.122201577292991 
3.92999999999996 -0.121618246077098 
3.93999999999996 -0.121038992424032 
3.94999999999996 -0.120463779281516 
3.95999999999996 -0.119892570006726 
3.96999999999996 -0.119325328361018 
3.97999999999996 -0.118762018504748 
3.98999999999996 -0.118202604992151 
3.99999999999996 -0.117647052766306 
4.00999999999996 -0.117095327154166 
4.01999999999996 -0.116547393861664 
4.02999999999996 -0.116003218968887 
4.03999999999996 -0.11546276892532 
4.04999999999996 -0.114926010545158 
4.05999999999996 -0.114392911002686 
4.06999999999996 -0.113863437827722 
4.07999999999996 -0.113337558901129 
4.08999999999996 -0.11281524245039 
4.09999999999996 -0.112296457045243 
4.10999999999996 -0.111781171593381 
4.11999999999996 -0.111269355336213 
4.12999999999996 -0.110760977844683 
4.13999999999996 -0.11025600901515 
4.14999999999996 -0.109754419065327 
4.15999999999996 -0.109256178530272 
4.16999999999996 -0.108761258258445 
4.17999999999996 -0.108269629407809 
4.18999999999996 -0.107781263441996 
4.19999999999995 -0.107296132126522 
4.20999999999995 -0.106814207525053 
4.21999999999995 -0.106335461995728 
4.22999999999995 -0.105859868187529 
4.23999999999995 -0.105387399036707 
4.24999999999995 -0.104918027763252 
4.25999999999995 -0.104451727867414 
4.26999999999995 -0.103988473126274 
4.27999999999995 -0.103528237590363 
4.28999999999995 -0.103070995580323 
4.29999999999995 -0.102616721683619 
4.30999999999995 -0.102165390751296 
4.31999999999995 -0.101716977894779 
4.32999999999995 -0.101271458482714 
4.33999999999995 -0.100828808137861 
4.34999999999995 -0.100389002734023 
4.35999999999995 -0.0999520183930175 
4.36999999999995 -0.0995178314816908 
4.37999999999995 -0.0990864186089746 
4.38999999999995 -0.0986577566229798 
4.39999999999995 -0.0982318226081316 
4.40999999999995 -0.0978085938823429 
4.41999999999995 -0.097388047994227 
4.42999999999995 -0.0969701627203468 
4.43999999999995 -0.0965549160625023 
4.44999999999995 -0.0961422862450545 
4.45999999999995 -0.0957322517122852 
4.46999999999995 -0.0953247911257926 
4.47999999999995 -0.094919883361922 
4.48999999999995 -0.0945175075092309 
4.49999999999995 -0.0941176428659882 
4.50999999999995 -0.0937202689377069 
4.51999999999995 -0.09332536543471 
4.52999999999995 -0.0929329122697285 
4.53999999999995 -0.0925428895555319 
4.54999999999995 -0.09215527760259 
4.55999999999995 -0.0917700569167659 
4.56999999999995 -0.0913872081970398 
4.57999999999995 -0.0910067123332625 
4.58999999999995 -0.0906285504039394 
4.59999999999995 -0.0902527036740429 
4.60999999999995 -0.0898791535928545 
4.61999999999995 -0.0895078817918351 
4.62999999999995 -0.0891388700825228 
4.63999999999995 -0.0887721004544595 
4.64999999999995 -0.0884075550731434 
4.65999999999995 -0.088045216278009 
4.66999999999994 -0.0876850665804339 
4.67999999999994 -0.0873270886617709 
4.68999999999994 -0.086971265371406 
4.69999999999994 -0.0866175797248422 
4.70999999999994 -0.0862660149018075 
4.71999999999994 -0.0859165542443877 
4.72999999999994 -0.0855691812551839 
4.73999999999994 -0.0852238795954932 
4.74999999999994 -0.0848806330835134 
4.75999999999994 -0.0845394256925703 
4.76999999999994 -0.0842002415493688 
4.77999999999994 -0.0838630649322653 
4.78999999999994 -0.0835278802695635 
4.79999999999994 -0.0831946721378313 
4.80999999999994 -0.0828634252602393 
4.81999999999994 -0.0825341245049212 
4.82999999999994 -0.0822067548833543 
4.83999999999994 -0.0818813015487612 
4.84999999999994 -0.0815577497945317 
4.85999999999994 -0.0812360850526648 
4.86999999999994 -0.0809162928922306 
4.87999999999994 -0.0805983590178511 
4.88999999999994 -0.0802822692682016 
4.89999999999994 -0.0799680096145292 
4.90999999999994 -0.0796555661591916 
4.91999999999994 -0.0793449251342134 
4.92999999999994 -0.0790360728998609 
4.93999999999994 -0.078728995943235 
4.94999999999994 -0.0784236808768811 
4.95999999999994 -0.0781201144374172 
4.96999999999994 -0.0778182834841786 
4.97999999999994 -0.0775181749978799 
4.98999999999994 -0.0772197760792933 
4.99999999999994 -0.076923073947944 
